
20:28:28.694 : ============================================================

20:28:28.694 : {'window_size_lstm': 3, 'window_size_vio': 15}
20:28:28.849 : ------------------------------------------------------------
20:28:28.849 : Loop #1
20:30:02.057 : Generated Params : [220.0, 0.0, 0.0, 1.0, 40.0, 0.0, 0.0, 0.0, 0.0, 0.0, 0.0, 0.0, 0.0, 0.0, 0.0, 0.0, 0.1, 90.1, 0.1, 0.0, 44.0, -43.0, 5599.0, 0.05, -70.0]
20:30:05.915 : Generated Params : [290.0, 0.0, 0.0, 1.0, 81.0, 0.0, 0.0, 0.0, 0.0, 0.0, 0.0, 0.0, 0.0, 0.0, 0.0, 0.0, 0.1, 73.1, 0.1, 0.0, 69.0, -59.0, 9313.0, 0.05, -70.0]
20:30:10.088 : Generated Params : [440.0, 0.0, 0.0, 1.0, 90.0, 0.0, 0.0, 0.0, 0.0, 0.0, 0.0, 0.0, 0.0, 0.0, 0.0, 0.0, 0.1, 79.1, 0.1, 0.0, 78.0, 71.0, 6917.0, 0.05, -70.0]
20:30:13.909 : Generated Params : [10.0, 0.0, 0.0, 1.0, 3.0, 0.0, 0.0, 0.0, 0.0, 0.0, 0.0, 0.0, 0.0, 0.0, 0.0, 0.0, 0.1, 82.1, 0.1, 0.0, 11.0, -32.0, 8530.0, 0.05, -70.0]
20:30:18.055 : Generated Params : [240.0, 0.0, 0.0, 1.0, 36.0, 0.0, 0.0, 0.0, 0.0, 0.0, 0.0, 0.0, 0.0, 0.0, 0.0, 0.0, 0.1, 94.1, 0.1, 0.0, 2.0, 14.0, 6605.0, 0.05, -70.0]
20:30:21.891 : Generated Params : [120.0, 0.0, 0.0, 1.0, 39.0, 0.0, 0.0, 0.0, 0.0, 0.0, 0.0, 0.0, 0.0, 0.0, 0.0, 0.0, 0.1, 64.1, 0.1, 0.0, 44.0, 34.0, 4014.0, 0.05, -70.0]
20:30:26.071 : Generated Params : [410.0, 0.0, 0.0, 1.0, -25.0, 0.0, 0.0, 0.0, 0.0, 0.0, 0.0, 0.0, 0.0, 0.0, 0.0, 0.0, 0.1, 23.1, 0.1, 0.0, 11.0, -72.0, 3407.0, 0.05, -70.0]
20:30:29.957 : Generated Params : [110.0, 0.0, 0.0, 1.0, 75.0, 0.0, 0.0, 0.0, 0.0, 0.0, 0.0, 0.0, 0.0, 0.0, 0.0, 0.0, 0.1, 93.1, 0.1, 0.0, 11.0, 28.0, 8616.0, 0.05, -70.0]
20:30:34.245 : Generated Params : [480.0, 0.0, 0.0, 1.0, -68.0, 0.0, 0.0, 0.0, 0.0, 0.0, 0.0, 0.0, 0.0, 0.0, 0.0, 0.0, 0.1, 96.1, 0.1, 0.0, 78.0, -44.0, 7456.0, 0.05, -70.0]
20:30:38.139 : Generated Params : [60.0, 0.0, 0.0, 1.0, -41.0, 0.0, 0.0, 0.0, 0.0, 0.0, 0.0, 0.0, 0.0, 0.0, 0.0, 0.0, 0.1, 42.1, 0.1, 0.0, 33.0, -31.0, 755.0, 0.05, -70.0]
20:30:42.126 : Generated Params : [470.0, 0.0, 0.0, 1.0, 0.0, 0.0, 0.0, 0.0, 0.0, 0.0, 0.0, 0.0, 0.0, 0.0, 0.0, 0.0, 0.1, 81.1, 0.1, 0.0, 21.0, -53.0, 5336.0, 0.05, -70.0]
20:30:46.078 : Generated Params : [470.0, 0.0, 0.0, 1.0, 67.0, 0.0, 0.0, 0.0, 0.0, 0.0, 0.0, 0.0, 0.0, 0.0, 0.0, 0.0, 0.1, 46.1, 0.1, 0.0, 98.0, -53.0, 6906.0, 0.05, -70.0]
20:30:50.050 : Generated Params : [290.0, 0.0, 0.0, 1.0, 70.0, 0.0, 0.0, 0.0, 0.0, 0.0, 0.0, 0.0, 0.0, 0.0, 0.0, 0.0, 0.1, 99.1, 0.1, 0.0, 41.0, 5.0, 2480.0, 0.05, -70.0]
20:30:54.093 : Generated Params : [370.0, 0.0, 0.0, 1.0, 43.0, 0.0, 0.0, 0.0, 0.0, 0.0, 0.0, 0.0, 0.0, 0.0, 0.0, 0.0, 0.1, 90.1, 0.1, 0.0, 23.0, -65.0, 5386.0, 0.05, -70.0]
20:30:58.185 : Generated Params : [390.0, 0.0, 0.0, 1.0, 13.0, 0.0, 0.0, 0.0, 0.0, 0.0, 0.0, 0.0, 0.0, 0.0, 0.0, 0.0, 0.1, 60.1, 0.1, 0.0, 56.0, 96.0, 9554.0, 0.05, -70.0]
20:31:03.143 : Generated Params : [30.0, 0.0, 0.0, 1.0, 78.0, 0.0, 0.0, 0.0, 0.0, 0.0, 0.0, 0.0, 0.0, 0.0, 0.0, 0.0, 0.1, 86.1, 0.1, 0.0, 72.0, 39.0, 4005.0, 0.05, -70.0]
20:31:06.941 : Generated Params : [450.0, 0.0, 0.0, 1.0, 77.0, 0.0, 0.0, 0.0, 0.0, 0.0, 0.0, 0.0, 0.0, 0.0, 0.0, 0.0, 0.1, 16.1, 0.1, 0.0, 17.0, 51.0, 9600.0, 0.05, -70.0]
20:31:11.215 : Generated Params : [450.0, 0.0, 0.0, 1.0, 84.0, 0.0, 0.0, 0.0, 0.0, 0.0, 0.0, 0.0, 0.0, 0.0, 0.0, 0.0, 0.1, 60.1, 0.1, 0.0, 59.0, -47.0, 3055.0, 0.05, -70.0]
20:31:15.003 : Generated Params : [350.0, 0.0, 0.0, 1.0, 64.0, 0.0, 0.0, 0.0, 0.0, 0.0, 0.0, 0.0, 0.0, 0.0, 0.0, 0.0, 0.1, 56.1, 0.1, 0.0, 13.0, 65.0, 2406.0, 0.05, -70.0]
20:31:24.459 : ------------------------------------------------------------
20:31:24.459 : Loop #2
20:32:59.159 : Generated Params : [150.0, 0.0, 0.0, 1.0, 10.0, 0.0, 0.0, 0.0, 0.0, 0.0, 0.0, 0.0, 0.0, 0.0, 0.0, 0.0, 0.1, 88.1, 0.1, 0.0, 100.0, 49.0, 5664.0, 0.05, -70.0]
20:33:03.150 : Generated Params : [500.0, 0.0, 0.0, 1.0, 4.0, 0.0, 0.0, 0.0, 0.0, 0.0, 0.0, 0.0, 0.0, 0.0, 0.0, 0.0, 0.1, 94.1, 0.1, 0.0, 61.0, 43.0, 8771.0, 0.05, -70.0]
20:33:07.104 : Generated Params : [410.0, 0.0, 0.0, 1.0, 100.0, 0.0, 0.0, 0.0, 0.0, 0.0, 0.0, 0.0, 0.0, 0.0, 0.0, 0.0, 0.1, 90.1, 0.1, 0.0, 100.0, 70.0, 3899.0, 0.05, -70.0]
20:33:11.157 : Generated Params : [500.0, 0.0, 0.0, 1.0, 95.0, 0.0, 0.0, 0.0, 0.0, 0.0, 0.0, 0.0, 0.0, 0.0, 0.0, 0.0, 0.1, 99.1, 0.1, 0.0, 94.0, 27.0, 6145.0, 0.05, -70.0]
20:33:15.167 : Generated Params : [390.0, 0.0, 0.0, 1.0, -25.0, 0.0, 0.0, 0.0, 0.0, 0.0, 0.0, 0.0, 0.0, 0.0, 0.0, 0.0, 0.1, 99.1, 0.1, 0.0, 21.0, -92.0, 6392.0, 0.05, -70.0]
20:33:19.225 : Generated Params : [130.0, 0.0, 0.0, 1.0, 35.0, 0.0, 0.0, 0.0, 0.0, 0.0, 0.0, 0.0, 0.0, 0.0, 0.0, 0.0, 0.1, 90.1, 0.1, 0.0, 17.0, -89.0, 3128.0, 0.05, -70.0]
20:33:25.153 : Generated Params : [280.0, 0.0, 0.0, 1.0, -31.0, 0.0, 0.0, 0.0, 0.0, 0.0, 0.0, 0.0, 0.0, 0.0, 0.0, 0.0, 0.1, 47.1, 0.1, 0.0, 24.0, -12.0, 7570.0, 0.05, -70.0]
20:33:46.018 : Generated Params : [500.0, 0.0, 0.0, 1.0, 81.0, 0.0, 0.0, 0.0, 0.0, 0.0, 0.0, 0.0, 0.0, 0.0, 0.0, 0.0, 0.1, 69.1, 0.1, 0.0, 40.0, 8.0, 7276.0, 0.05, -70.0]
20:33:49.847 : Generated Params : [380.0, 0.0, 0.0, 1.0, -38.0, 0.0, 0.0, 0.0, 0.0, 0.0, 0.0, 0.0, 0.0, 0.0, 0.0, 0.0, 0.1, 57.1, 0.1, 0.0, 67.0, 23.0, 1908.0, 0.05, -70.0]
20:33:54.079 : Generated Params : [250.0, 0.0, 0.0, 1.0, 3.0, 0.0, 0.0, 0.0, 0.0, 0.0, 0.0, 0.0, 0.0, 0.0, 0.0, 0.0, 0.1, 80.1, 0.1, 0.0, 98.0, -55.0, 5537.0, 0.05, -70.0]
20:33:57.881 : Generated Params : [110.0, 0.0, 0.0, 1.0, -10.0, 0.0, 0.0, 0.0, 0.0, 0.0, 0.0, 0.0, 0.0, 0.0, 0.0, 0.0, 0.1, 81.1, 0.1, 0.0, 90.0, -84.0, 5290.0, 0.05, -70.0]
20:34:02.292 : Generated Params : [310.0, 0.0, 0.0, 1.0, -68.0, 0.0, 0.0, 0.0, 0.0, 0.0, 0.0, 0.0, 0.0, 0.0, 0.0, 0.0, 0.1, 72.1, 0.1, 0.0, 44.0, 0.0, 9994.0, 0.05, -70.0]
20:34:08.996 : ------------------------------------------------------------
20:34:08.996 : Loop #3
20:35:44.332 : Generated Params : [110.0, 0.0, 0.0, 1.0, -84.0, 0.0, 0.0, 0.0, 0.0, 0.0, 0.0, 0.0, 0.0, 0.0, 0.0, 0.0, 0.1, 44.1, 0.1, 0.0, 38.0, 27.0, 9764.0, 0.05, -70.0]
20:35:48.097 : Generated Params : [500.0, 0.0, 0.0, 1.0, 37.0, 0.0, 0.0, 0.0, 0.0, 0.0, 0.0, 0.0, 0.0, 0.0, 0.0, 0.0, 0.1, 93.1, 0.1, 0.0, 50.0, -62.0, 4718.0, 0.05, -70.0]
20:35:51.888 : Generated Params : [290.0, 0.0, 0.0, 1.0, 62.0, 0.0, 0.0, 0.0, 0.0, 0.0, 0.0, 0.0, 0.0, 0.0, 0.0, 0.0, 0.1, 90.1, 0.1, 0.0, 35.0, -45.0, 3550.0, 0.05, -70.0]
20:35:56.268 : Generated Params : [250.0, 0.0, 0.0, 1.0, 52.0, 0.0, 0.0, 0.0, 0.0, 0.0, 0.0, 0.0, 0.0, 0.0, 0.0, 0.0, 0.1, 76.1, 0.1, 0.0, 26.0, -68.0, 7435.0, 0.05, -70.0]
20:36:00.091 : Generated Params : [190.0, 0.0, 0.0, 1.0, 90.0, 0.0, 0.0, 0.0, 0.0, 0.0, 0.0, 0.0, 0.0, 0.0, 0.0, 0.0, 0.1, 76.1, 0.1, 0.0, 23.0, -17.0, 9114.0, 0.05, -70.0]
20:36:03.905 : Generated Params : [480.0, 0.0, 0.0, 1.0, 59.0, 0.0, 0.0, 0.0, 0.0, 0.0, 0.0, 0.0, 0.0, 0.0, 0.0, 0.0, 0.1, 97.1, 0.1, 0.0, 61.0, -79.0, 2539.0, 0.05, -70.0]
20:36:08.212 : Generated Params : [210.0, 0.0, 0.0, 1.0, 0.0, 0.0, 0.0, 0.0, 0.0, 0.0, 0.0, 0.0, 0.0, 0.0, 0.0, 0.0, 0.1, 90.1, 0.1, 0.0, 86.0, -14.0, 8999.0, 0.05, -70.0]
20:36:12.030 : Generated Params : [150.0, 0.0, 0.0, 1.0, 51.0, 0.0, 0.0, 0.0, 0.0, 0.0, 0.0, 0.0, 0.0, 0.0, 0.0, 0.0, 0.1, 60.1, 0.1, 0.0, 29.0, -31.0, 3708.0, 0.05, -70.0]
20:36:15.945 : Generated Params : [210.0, 0.0, 0.0, 1.0, 25.0, 0.0, 0.0, 0.0, 0.0, 0.0, 0.0, 0.0, 0.0, 0.0, 0.0, 0.0, 0.1, 87.1, 0.1, 0.0, 57.0, 5.0, 7553.0, 0.05, -70.0]
20:36:20.229 : Generated Params : [470.0, 0.0, 0.0, 1.0, 85.0, 0.0, 0.0, 0.0, 0.0, 0.0, 0.0, 0.0, 0.0, 0.0, 0.0, 0.0, 0.1, 80.1, 0.1, 0.0, 13.0, 36.0, 8281.0, 0.05, -70.0]
20:36:24.036 : Generated Params : [190.0, 0.0, 0.0, 1.0, 13.0, 0.0, 0.0, 0.0, 0.0, 0.0, 0.0, 0.0, 0.0, 0.0, 0.0, 0.0, 0.1, 81.1, 0.1, 0.0, 51.0, 42.0, 6269.0, 0.05, -70.0]
20:36:30.791 : Generated Params : [120.0, 0.0, 0.0, 1.0, 37.0, 0.0, 0.0, 0.0, 0.0, 0.0, 0.0, 0.0, 0.0, 0.0, 0.0, 0.0, 0.1, 83.1, 0.1, 0.0, 30.0, -76.0, 5867.0, 0.05, -70.0]
20:36:35.023 : Generated Params : [290.0, 0.0, 0.0, 1.0, 9.0, 0.0, 0.0, 0.0, 0.0, 0.0, 0.0, 0.0, 0.0, 0.0, 0.0, 0.0, 0.1, 94.1, 0.1, 0.0, 44.0, 38.0, 2040.0, 0.05, -70.0]
20:36:38.773 : Generated Params : [440.0, 0.0, 0.0, 1.0, 46.0, 0.0, 0.0, 0.0, 0.0, 0.0, 0.0, 0.0, 0.0, 0.0, 0.0, 0.0, 0.1, 97.1, 0.1, 0.0, 27.0, -71.0, 6500.0, 0.05, -70.0]
20:36:43.022 : Generated Params : [350.0, 0.0, 0.0, 1.0, 5.0, 0.0, 0.0, 0.0, 0.0, 0.0, 0.0, 0.0, 0.0, 0.0, 0.0, 0.0, 0.1, 100.1, 0.1, 0.0, 70.0, 13.0, 2302.0, 0.05, -70.0]
20:36:46.779 : Generated Params : [290.0, 0.0, 0.0, 1.0, 95.0, 0.0, 0.0, 0.0, 0.0, 0.0, 0.0, 0.0, 0.0, 0.0, 0.0, 0.0, 0.1, 45.1, 0.1, 0.0, 75.0, 11.0, 8662.0, 0.05, -70.0]
20:36:51.136 : Generated Params : [370.0, 0.0, 0.0, 1.0, 21.0, 0.0, 0.0, 0.0, 0.0, 0.0, 0.0, 0.0, 0.0, 0.0, 0.0, 0.0, 0.1, 99.1, 0.1, 0.0, 27.0, 75.0, 7930.0, 0.05, -70.0]
20:36:54.951 : Generated Params : [290.0, 0.0, 0.0, 1.0, -50.0, 0.0, 0.0, 0.0, 0.0, 0.0, 0.0, 0.0, 0.0, 0.0, 0.0, 0.0, 0.1, 94.1, 0.1, 0.0, 46.0, -37.0, 8529.0, 0.05, -70.0]
20:36:59.506 : Generated Params : [120.0, 0.0, 0.0, 1.0, -79.0, 0.0, 0.0, 0.0, 0.0, 0.0, 0.0, 0.0, 0.0, 0.0, 0.0, 0.0, 0.1, 100.1, 0.1, 0.0, 50.0, 27.0, 3683.0, 0.05, -70.0]
20:37:05.857 : ------------------------------------------------------------
20:37:05.857 : Loop #4
20:38:41.136 : Generated Params : [150.0, 0.0, 0.0, 1.0, 29.0, 0.0, 0.0, 0.0, 0.0, 0.0, 0.0, 0.0, 0.0, 0.0, 0.0, 0.0, 0.1, 71.1, 0.1, 0.0, 21.0, -20.0, 1283.0, 0.05, -70.0]
20:38:45.058 : Generated Params : [190.0, 0.0, 0.0, 1.0, 62.0, 0.0, 0.0, 0.0, 0.0, 0.0, 0.0, 0.0, 0.0, 0.0, 0.0, 0.0, 0.1, 97.1, 0.1, 0.0, 21.0, -37.0, 90.0, 0.05, -70.0]
20:38:49.048 : Generated Params : [500.0, 0.0, 0.0, 1.0, 70.0, 0.0, 0.0, 0.0, 0.0, 0.0, 0.0, 0.0, 0.0, 0.0, 0.0, 0.0, 0.1, 88.1, 0.1, 0.0, 80.0, -4.0, 9593.0, 0.05, -70.0]
20:38:53.020 : Generated Params : [310.0, 0.0, 0.0, 1.0, 6.0, 0.0, 0.0, 0.0, 0.0, 0.0, 0.0, 0.0, 0.0, 0.0, 0.0, 0.0, 0.1, 37.1, 0.1, 0.0, 58.0, -92.0, 8908.0, 0.05, -70.0]
20:38:57.118 : Generated Params : [60.0, 0.0, 0.0, 1.0, 73.0, 0.0, 0.0, 0.0, 0.0, 0.0, 0.0, 0.0, 0.0, 0.0, 0.0, 0.0, 0.1, 96.1, 0.1, 0.0, 5.0, 15.0, 4820.0, 0.05, -70.0]
20:39:01.137 : Generated Params : [380.0, 0.0, 0.0, 1.0, 84.0, 0.0, 0.0, 0.0, 0.0, 0.0, 0.0, 0.0, 0.0, 0.0, 0.0, 0.0, 0.1, 98.1, 0.1, 0.0, 62.0, -36.0, 7333.0, 0.05, -70.0]
20:39:05.061 : Generated Params : [100.0, 0.0, 0.0, 1.0, 89.0, 0.0, 0.0, 0.0, 0.0, 0.0, 0.0, 0.0, 0.0, 0.0, 0.0, 0.0, 0.1, 96.1, 0.1, 0.0, 93.0, -5.0, 1165.0, 0.05, -70.0]
20:39:09.018 : Generated Params : [250.0, 0.0, 0.0, 1.0, 17.0, 0.0, 0.0, 0.0, 0.0, 0.0, 0.0, 0.0, 0.0, 0.0, 0.0, 0.0, 0.1, 51.1, 0.1, 0.0, 2.0, 81.0, 593.0, 0.05, -70.0]
20:39:13.275 : Generated Params : [370.0, 0.0, 0.0, 1.0, 23.0, 0.0, 0.0, 0.0, 0.0, 0.0, 0.0, 0.0, 0.0, 0.0, 0.0, 0.0, 0.1, 84.1, 0.1, 0.0, 29.0, -62.0, 7492.0, 0.05, -70.0]
20:39:17.103 : Generated Params : [470.0, 0.0, 0.0, 1.0, 89.0, 0.0, 0.0, 0.0, 0.0, 0.0, 0.0, 0.0, 0.0, 0.0, 0.0, 0.0, 0.1, 59.1, 0.1, 0.0, 62.0, -81.0, 7402.0, 0.05, -70.0]
20:39:21.093 : Generated Params : [240.0, 0.0, 0.0, 1.0, 70.0, 0.0, 0.0, 0.0, 0.0, 0.0, 0.0, 0.0, 0.0, 0.0, 0.0, 0.0, 0.1, 80.1, 0.1, 0.0, 93.0, 0.0, 6400.0, 0.05, -70.0]
20:39:25.061 : Generated Params : [320.0, 0.0, 0.0, 1.0, 66.0, 0.0, 0.0, 0.0, 0.0, 0.0, 0.0, 0.0, 0.0, 0.0, 0.0, 0.0, 0.1, 80.1, 0.1, 0.0, 62.0, 100.0, 1248.0, 0.05, -70.0]
20:39:29.031 : Generated Params : [410.0, 0.0, 0.0, 1.0, 48.0, 0.0, 0.0, 0.0, 0.0, 0.0, 0.0, 0.0, 0.0, 0.0, 0.0, 0.0, 0.1, 93.1, 0.1, 0.0, 29.0, -84.0, 2753.0, 0.05, -70.0]
20:39:33.069 : Generated Params : [210.0, 0.0, 0.0, 1.0, 79.0, 0.0, 0.0, 0.0, 0.0, 0.0, 0.0, 0.0, 0.0, 0.0, 0.0, 0.0, 0.1, 94.1, 0.1, 0.0, 26.0, 88.0, 2789.0, 0.05, -70.0]
20:39:37.072 : Generated Params : [340.0, 0.0, 0.0, 1.0, 59.0, 0.0, 0.0, 0.0, 0.0, 0.0, 0.0, 0.0, 0.0, 0.0, 0.0, 0.0, 0.1, 82.1, 0.1, 0.0, 43.0, -98.0, 5692.0, 0.05, -70.0]
20:39:41.051 : Generated Params : [390.0, 0.0, 0.0, 1.0, -6.0, 0.0, 0.0, 0.0, 0.0, 0.0, 0.0, 0.0, 0.0, 0.0, 0.0, 0.0, 0.1, 98.1, 0.1, 0.0, 96.0, 38.0, 2631.0, 0.05, -70.0]
20:39:45.164 : Generated Params : [40.0, 0.0, 0.0, 1.0, 83.0, 0.0, 0.0, 0.0, 0.0, 0.0, 0.0, 0.0, 0.0, 0.0, 0.0, 0.0, 0.1, 96.1, 0.1, 0.0, 47.0, -25.0, 6456.0, 0.05, -70.0]
20:39:49.171 : Generated Params : [190.0, 0.0, 0.0, 1.0, 63.0, 0.0, 0.0, 0.0, 0.0, 0.0, 0.0, 0.0, 0.0, 0.0, 0.0, 0.0, 0.1, 91.1, 0.1, 0.0, 67.0, 64.0, 8860.0, 0.05, -70.0]
20:39:53.102 : Generated Params : [290.0, 0.0, 0.0, 1.0, 27.0, 0.0, 0.0, 0.0, 0.0, 0.0, 0.0, 0.0, 0.0, 0.0, 0.0, 0.0, 0.1, 82.1, 0.1, 0.0, 38.0, -62.0, 9005.0, 0.05, -70.0]
20:40:01.410 : ------------------------------------------------------------
20:40:01.411 : Loop #5
20:41:36.163 : Generated Params : [210.0, 0.0, 0.0, 1.0, -12.0, 0.0, 0.0, 0.0, 0.0, 0.0, 0.0, 0.0, 0.0, 0.0, 0.0, 0.0, 0.1, 99.1, 0.1, 0.0, 13.0, -37.0, 2519.0, 0.05, -70.0]
20:41:40.185 : Generated Params : [440.0, 0.0, 0.0, 1.0, 37.0, 0.0, 0.0, 0.0, 0.0, 0.0, 0.0, 0.0, 0.0, 0.0, 0.0, 0.0, 0.1, 89.1, 0.1, 0.0, 56.0, -68.0, 211.0, 0.05, -70.0]
20:41:44.139 : Generated Params : [350.0, 0.0, 0.0, 1.0, 53.0, 0.0, 0.0, 0.0, 0.0, 0.0, 0.0, 0.0, 0.0, 0.0, 0.0, 0.0, 0.1, 86.1, 0.1, 0.0, 30.0, -85.0, 1802.0, 0.05, -70.0]
20:41:48.082 : Generated Params : [500.0, 0.0, 0.0, 1.0, 31.0, 0.0, 0.0, 0.0, 0.0, 0.0, 0.0, 0.0, 0.0, 0.0, 0.0, 0.0, 0.1, 59.1, 0.1, 0.0, 59.0, 54.0, 1503.0, 0.05, -70.0]
20:41:52.119 : Generated Params : [500.0, 0.0, 0.0, 1.0, 45.0, 0.0, 0.0, 0.0, 0.0, 0.0, 0.0, 0.0, 0.0, 0.0, 0.0, 0.0, 0.1, 100.1, 0.1, 0.0, 51.0, -65.0, 3681.0, 0.05, -70.0]
20:41:57.082 : Generated Params : [380.0, 0.0, 0.0, 1.0, -24.0, 0.0, 0.0, 0.0, 0.0, 0.0, 0.0, 0.0, 0.0, 0.0, 0.0, 0.0, 0.1, 100.1, 0.1, 0.0, 17.0, 9.0, 3092.0, 0.05, -70.0]
20:42:00.923 : Generated Params : [470.0, 0.0, 0.0, 1.0, -31.0, 0.0, 0.0, 0.0, 0.0, 0.0, 0.0, 0.0, 0.0, 0.0, 0.0, 0.0, 0.1, 90.1, 0.1, 0.0, 5.0, -37.0, 2106.0, 0.05, -70.0]
20:42:05.232 : Generated Params : [320.0, 0.0, 0.0, 1.0, 88.0, 0.0, 0.0, 0.0, 0.0, 0.0, 0.0, 0.0, 0.0, 0.0, 0.0, 0.0, 0.1, 60.1, 0.1, 0.0, 98.0, -42.0, 7861.0, 0.05, -70.0]
20:42:09.045 : Generated Params : [380.0, 0.0, 0.0, 1.0, 61.0, 0.0, 0.0, 0.0, 0.0, 0.0, 0.0, 0.0, 0.0, 0.0, 0.0, 0.0, 0.1, 91.1, 0.1, 0.0, 72.0, 68.0, 7897.0, 0.05, -70.0]
20:42:12.876 : Generated Params : [280.0, 0.0, 0.0, 1.0, -22.0, 0.0, 0.0, 0.0, 0.0, 0.0, 0.0, 0.0, 0.0, 0.0, 0.0, 0.0, 0.1, 29.1, 0.1, 0.0, 32.0, -32.0, 9177.0, 0.05, -70.0]
20:42:17.520 : Generated Params : [210.0, 0.0, 0.0, 1.0, 96.0, 0.0, 0.0, 0.0, 0.0, 0.0, 0.0, 0.0, 0.0, 0.0, 0.0, 0.0, 0.1, 97.1, 0.1, 0.0, 74.0, -44.0, 4321.0, 0.05, -70.0]
20:42:21.360 : Generated Params : [310.0, 0.0, 0.0, 1.0, -82.0, 0.0, 0.0, 0.0, 0.0, 0.0, 0.0, 0.0, 0.0, 0.0, 0.0, 0.0, 0.1, 80.1, 0.1, 0.0, 23.0, 76.0, 7894.0, 0.05, -70.0]
20:42:25.121 : Generated Params : [470.0, 0.0, 0.0, 1.0, 74.0, 0.0, 0.0, 0.0, 0.0, 0.0, 0.0, 0.0, 0.0, 0.0, 0.0, 0.0, 0.1, 100.1, 0.1, 0.0, 76.0, -41.0, 7136.0, 0.05, -70.0]
20:42:29.119 : Generated Params : [410.0, 0.0, 0.0, 1.0, 97.0, 0.0, 0.0, 0.0, 0.0, 0.0, 0.0, 0.0, 0.0, 0.0, 0.0, 0.0, 0.1, 69.1, 0.1, 0.0, 91.0, -11.0, 6216.0, 0.05, -70.0]
20:42:32.948 : Generated Params : [440.0, 0.0, 0.0, 1.0, 63.0, 0.0, 0.0, 0.0, 0.0, 0.0, 0.0, 0.0, 0.0, 0.0, 0.0, 0.0, 0.1, 77.1, 0.1, 0.0, 20.0, 31.0, 9065.0, 0.05, -70.0]
20:42:37.185 : Generated Params : [290.0, 0.0, 0.0, 1.0, 75.0, 0.0, 0.0, 0.0, 0.0, 0.0, 0.0, 0.0, 0.0, 0.0, 0.0, 0.0, 0.1, 91.1, 0.1, 0.0, 47.0, -61.0, 7287.0, 0.05, -70.0]
20:42:40.986 : Generated Params : [350.0, 0.0, 0.0, 1.0, 90.0, 0.0, 0.0, 0.0, 0.0, 0.0, 0.0, 0.0, 0.0, 0.0, 0.0, 0.0, 0.1, 86.1, 0.1, 0.0, 18.0, -31.0, 7380.0, 0.05, -70.0]
20:42:48.058 : ------------------------------------------------------------
20:42:48.059 : Loop #6
20:44:23.018 : Generated Params : [210.0, 0.0, 0.0, 1.0, -71.0, 0.0, 0.0, 0.0, 0.0, 0.0, 0.0, 0.0, 0.0, 0.0, 0.0, 0.0, 0.1, 92.1, 0.1, 0.0, 86.0, -92.0, 9395.0, 0.05, -70.0]
20:44:26.950 : Generated Params : [250.0, 0.0, 0.0, 1.0, 48.0, 0.0, 0.0, 0.0, 0.0, 0.0, 0.0, 0.0, 0.0, 0.0, 0.0, 0.0, 0.1, 88.1, 0.1, 0.0, 11.0, 21.0, 8895.0, 0.05, -70.0]
20:44:31.279 : Generated Params : [290.0, 0.0, 0.0, 1.0, -53.0, 0.0, 0.0, 0.0, 0.0, 0.0, 0.0, 0.0, 0.0, 0.0, 0.0, 0.0, 0.1, 100.1, 0.1, 0.0, 21.0, 58.0, 2947.0, 0.05, -70.0]
20:44:35.117 : Generated Params : [40.0, 0.0, 0.0, 1.0, 13.0, 0.0, 0.0, 0.0, 0.0, 0.0, 0.0, 0.0, 0.0, 0.0, 0.0, 0.0, 0.1, 68.1, 0.1, 0.0, 99.0, 86.0, 8211.0, 0.05, -70.0]
20:44:39.138 : Generated Params : [40.0, 0.0, 0.0, 1.0, -90.0, 0.0, 0.0, 0.0, 0.0, 0.0, 0.0, 0.0, 0.0, 0.0, 0.0, 0.0, 0.1, 89.1, 0.1, 0.0, 8.0, 9.0, 7550.0, 0.05, -70.0]
20:44:43.002 : Generated Params : [350.0, 0.0, 0.0, 1.0, -62.0, 0.0, 0.0, 0.0, 0.0, 0.0, 0.0, 0.0, 0.0, 0.0, 0.0, 0.0, 0.1, 93.1, 0.1, 0.0, 65.0, -55.0, 5534.0, 0.05, -70.0]
20:44:46.893 : Generated Params : [370.0, 0.0, 0.0, 1.0, -1.0, 0.0, 0.0, 0.0, 0.0, 0.0, 0.0, 0.0, 0.0, 0.0, 0.0, 0.0, 0.1, 83.1, 0.1, 0.0, 20.0, -79.0, 9830.0, 0.05, -70.0]
20:44:51.255 : Generated Params : [30.0, 0.0, 0.0, 1.0, 1.0, 0.0, 0.0, 0.0, 0.0, 0.0, 0.0, 0.0, 0.0, 0.0, 0.0, 0.0, 0.1, 49.1, 0.1, 0.0, 26.0, -31.0, 1986.0, 0.05, -70.0]
20:44:55.116 : Generated Params : [20.0, 0.0, 0.0, 1.0, -56.0, 0.0, 0.0, 0.0, 0.0, 0.0, 0.0, 0.0, 0.0, 0.0, 0.0, 0.0, 0.1, 94.1, 0.1, 0.0, 17.0, -62.0, 7775.0, 0.05, -70.0]
20:44:58.968 : Generated Params : [320.0, 0.0, 0.0, 1.0, 83.0, 0.0, 0.0, 0.0, 0.0, 0.0, 0.0, 0.0, 0.0, 0.0, 0.0, 0.0, 0.1, 100.1, 0.1, 0.0, 98.0, 35.0, 1970.0, 0.05, -70.0]
20:45:03.295 : Generated Params : [240.0, 0.0, 0.0, 1.0, 63.0, 0.0, 0.0, 0.0, 0.0, 0.0, 0.0, 0.0, 0.0, 0.0, 0.0, 0.0, 0.1, 52.1, 0.1, 0.0, 56.0, 46.0, 1747.0, 0.05, -70.0]
20:45:07.140 : Generated Params : [410.0, 0.0, 0.0, 1.0, 26.0, 0.0, 0.0, 0.0, 0.0, 0.0, 0.0, 0.0, 0.0, 0.0, 0.0, 0.0, 0.1, 32.1, 0.1, 0.0, 26.0, -55.0, 9883.0, 0.05, -70.0]
20:45:11.019 : Generated Params : [30.0, 0.0, 0.0, 1.0, -10.0, 0.0, 0.0, 0.0, 0.0, 0.0, 0.0, 0.0, 0.0, 0.0, 0.0, 0.0, 0.1, 20.1, 0.1, 0.0, 82.0, -6.0, 1721.0, 0.05, -70.0]
20:45:15.012 : Generated Params : [40.0, 0.0, 0.0, 1.0, -39.0, 0.0, 0.0, 0.0, 0.0, 0.0, 0.0, 0.0, 0.0, 0.0, 0.0, 0.0, 0.1, 94.1, 0.1, 0.0, 51.0, -56.0, 5702.0, 0.05, -70.0]
20:45:18.971 : Generated Params : [380.0, 0.0, 0.0, 1.0, 73.0, 0.0, 0.0, 0.0, 0.0, 0.0, 0.0, 0.0, 0.0, 0.0, 0.0, 0.0, 0.1, 73.1, 0.1, 0.0, 41.0, -10.0, 1968.0, 0.05, -70.0]
20:45:23.390 : Generated Params : [190.0, 0.0, 0.0, 1.0, 47.0, 0.0, 0.0, 0.0, 0.0, 0.0, 0.0, 0.0, 0.0, 0.0, 0.0, 0.0, 0.1, 93.1, 0.1, 0.0, 85.0, 58.0, 4247.0, 0.05, -70.0]
20:45:27.211 : Generated Params : [280.0, 0.0, 0.0, 1.0, 56.0, 0.0, 0.0, 0.0, 0.0, 0.0, 0.0, 0.0, 0.0, 0.0, 0.0, 0.0, 0.1, 79.1, 0.1, 0.0, 15.0, 47.0, 3263.0, 0.05, -70.0]
20:45:31.146 : Generated Params : [210.0, 0.0, 0.0, 1.0, -6.0, 0.0, 0.0, 0.0, 0.0, 0.0, 0.0, 0.0, 0.0, 0.0, 0.0, 0.0, 0.1, 88.1, 0.1, 0.0, 82.0, 28.0, 9511.0, 0.05, -70.0]
20:45:35.139 : Generated Params : [290.0, 0.0, 0.0, 1.0, -62.0, 0.0, 0.0, 0.0, 0.0, 0.0, 0.0, 0.0, 0.0, 0.0, 0.0, 0.0, 0.1, 80.1, 0.1, 0.0, 46.0, 88.0, 38.0, 0.05, -70.0]
20:45:39.039 : Generated Params : [380.0, 0.0, 0.0, 1.0, -29.0, 0.0, 0.0, 0.0, 0.0, 0.0, 0.0, 0.0, 0.0, 0.0, 0.0, 0.0, 0.1, 92.1, 0.1, 0.0, 8.0, 24.0, 4044.0, 0.05, -70.0]
20:45:43.079 : Generated Params : [250.0, 0.0, 0.0, 1.0, 16.0, 0.0, 0.0, 0.0, 0.0, 0.0, 0.0, 0.0, 0.0, 0.0, 0.0, 0.0, 0.1, 92.1, 0.1, 0.0, 70.0, -7.0, 8605.0, 0.05, -70.0]
20:45:47.062 : Generated Params : [350.0, 0.0, 0.0, 1.0, -11.0, 0.0, 0.0, 0.0, 0.0, 0.0, 0.0, 0.0, 0.0, 0.0, 0.0, 0.0, 0.1, 13.1, 0.1, 0.0, 2.0, 52.0, 321.0, 0.05, -70.0]
20:45:55.286 : ------------------------------------------------------------
20:45:55.286 : Loop #7
20:47:30.943 : Generated Params : [260.0, 0.0, 0.0, 1.0, -16.0, 0.0, 0.0, 0.0, 0.0, 0.0, 0.0, 0.0, 0.0, 0.0, 0.0, 0.0, 0.1, 96.1, 0.1, 0.0, 17.0, -30.0, 8157.0, 0.05, -70.0]
20:47:35.711 : Generated Params : [380.0, 0.0, 0.0, 1.0, -65.0, 0.0, 0.0, 0.0, 0.0, 0.0, 0.0, 0.0, 0.0, 0.0, 0.0, 0.0, 0.1, 90.1, 0.1, 0.0, 38.0, -39.0, 6135.0, 0.05, -70.0]
20:47:40.029 : Generated Params : [100.0, 0.0, 0.0, 1.0, -5.0, 0.0, 0.0, 0.0, 0.0, 0.0, 0.0, 0.0, 0.0, 0.0, 0.0, 0.0, 0.1, 90.1, 0.1, 0.0, 47.0, -56.0, 4226.0, 0.05, -70.0]
20:47:44.885 : Generated Params : [500.0, 0.0, 0.0, 1.0, 31.0, 0.0, 0.0, 0.0, 0.0, 0.0, 0.0, 0.0, 0.0, 0.0, 0.0, 0.0, 0.1, 90.1, 0.1, 0.0, 26.0, 54.0, 8990.0, 0.05, -70.0]
20:47:49.490 : Generated Params : [320.0, 0.0, 0.0, 1.0, 20.0, 0.0, 0.0, 0.0, 0.0, 0.0, 0.0, 0.0, 0.0, 0.0, 0.0, 0.0, 0.1, 70.1, 0.1, 0.0, 49.0, 60.0, 2530.0, 0.05, -70.0]
20:47:53.753 : Generated Params : [240.0, 0.0, 0.0, 1.0, 34.0, 0.0, 0.0, 0.0, 0.0, 0.0, 0.0, 0.0, 0.0, 0.0, 0.0, 0.0, 0.1, 93.1, 0.1, 0.0, 88.0, -42.0, 4890.0, 0.05, -70.0]
20:47:58.076 : Generated Params : [320.0, 0.0, 0.0, 1.0, -11.0, 0.0, 0.0, 0.0, 0.0, 0.0, 0.0, 0.0, 0.0, 0.0, 0.0, 0.0, 0.1, 70.1, 0.1, 0.0, 74.0, 52.0, 3295.0, 0.05, -70.0]
20:48:02.820 : Generated Params : [410.0, 0.0, 0.0, 1.0, 43.0, 0.0, 0.0, 0.0, 0.0, 0.0, 0.0, 0.0, 0.0, 0.0, 0.0, 0.0, 0.1, 73.1, 0.1, 0.0, 56.0, 36.0, 9467.0, 0.05, -70.0]
20:48:07.344 : Generated Params : [440.0, 0.0, 0.0, 1.0, 76.0, 0.0, 0.0, 0.0, 0.0, 0.0, 0.0, 0.0, 0.0, 0.0, 0.0, 0.0, 0.1, 99.1, 0.1, 0.0, 51.0, -22.0, 958.0, 0.05, -70.0]
20:48:11.176 : Generated Params : [390.0, 0.0, 0.0, 1.0, -45.0, 0.0, 0.0, 0.0, 0.0, 0.0, 0.0, 0.0, 0.0, 0.0, 0.0, 0.0, 0.1, 45.1, 0.1, 0.0, 59.0, 100.0, 987.0, 0.05, -70.0]
20:48:15.005 : Generated Params : [440.0, 0.0, 0.0, 1.0, 86.0, 0.0, 0.0, 0.0, 0.0, 0.0, 0.0, 0.0, 0.0, 0.0, 0.0, 0.0, 0.1, 74.1, 0.1, 0.0, 20.0, 39.0, 2288.0, 0.05, -70.0]
20:48:18.836 : Generated Params : [190.0, 0.0, 0.0, 1.0, 100.0, 0.0, 0.0, 0.0, 0.0, 0.0, 0.0, 0.0, 0.0, 0.0, 0.0, 0.0, 0.1, 91.1, 0.1, 0.0, 81.0, -68.0, 4773.0, 0.05, -70.0]
20:48:23.226 : Generated Params : [160.0, 0.0, 0.0, 1.0, -20.0, 0.0, 0.0, 0.0, 0.0, 0.0, 0.0, 0.0, 0.0, 0.0, 0.0, 0.0, 0.1, 77.1, 0.1, 0.0, 11.0, -81.0, 8009.0, 0.05, -70.0]
20:48:27.446 : Generated Params : [240.0, 0.0, 0.0, 1.0, 53.0, 0.0, 0.0, 0.0, 0.0, 0.0, 0.0, 0.0, 0.0, 0.0, 0.0, 0.0, 0.1, 62.1, 0.1, 0.0, 74.0, 5.0, 6343.0, 0.05, -70.0]
20:48:31.558 : Generated Params : [340.0, 0.0, 0.0, 1.0, 72.0, 0.0, 0.0, 0.0, 0.0, 0.0, 0.0, 0.0, 0.0, 0.0, 0.0, 0.0, 0.1, 100.1, 0.1, 0.0, 97.0, 53.0, 4348.0, 0.05, -70.0]
20:48:35.817 : Generated Params : [350.0, 0.0, 0.0, 1.0, 98.0, 0.0, 0.0, 0.0, 0.0, 0.0, 0.0, 0.0, 0.0, 0.0, 0.0, 0.0, 0.1, 91.1, 0.1, 0.0, 5.0, 16.0, 7071.0, 0.05, -70.0]
20:48:40.245 : Generated Params : [410.0, 0.0, 0.0, 1.0, 80.0, 0.0, 0.0, 0.0, 0.0, 0.0, 0.0, 0.0, 0.0, 0.0, 0.0, 0.0, 0.1, 42.1, 0.1, 0.0, 3.0, 21.0, 6022.0, 0.05, -70.0]
20:48:45.674 : ------------------------------------------------------------
20:48:45.674 : Loop #8
20:50:20.298 : Generated Params : [410.0, 0.0, 0.0, 1.0, -66.0, 0.0, 0.0, 0.0, 0.0, 0.0, 0.0, 0.0, 0.0, 0.0, 0.0, 0.0, 0.1, 94.1, 0.1, 0.0, 40.0, 11.0, 8828.0, 0.05, -70.0]
20:50:24.250 : Generated Params : [10.0, 0.0, 0.0, 1.0, 92.0, 0.0, 0.0, 0.0, 0.0, 0.0, 0.0, 0.0, 0.0, 0.0, 0.0, 0.0, 0.1, 79.1, 0.1, 0.0, 8.0, -7.0, 1809.0, 0.05, -70.0]
20:50:28.283 : Generated Params : [470.0, 0.0, 0.0, 1.0, 29.0, 0.0, 0.0, 0.0, 0.0, 0.0, 0.0, 0.0, 0.0, 0.0, 0.0, 0.0, 0.1, 93.1, 0.1, 0.0, 90.0, 70.0, 6841.0, 0.05, -70.0]
20:50:32.301 : Generated Params : [410.0, 0.0, 0.0, 1.0, 56.0, 0.0, 0.0, 0.0, 0.0, 0.0, 0.0, 0.0, 0.0, 0.0, 0.0, 0.0, 0.1, 74.1, 0.1, 0.0, 18.0, -87.0, 6277.0, 0.05, -70.0]
20:50:37.061 : Generated Params : [320.0, 0.0, 0.0, 1.0, 13.0, 0.0, 0.0, 0.0, 0.0, 0.0, 0.0, 0.0, 0.0, 0.0, 0.0, 0.0, 0.1, 98.1, 0.1, 0.0, 61.0, 16.0, 7259.0, 0.05, -70.0]
20:50:40.945 : Generated Params : [410.0, 0.0, 0.0, 1.0, 49.0, 0.0, 0.0, 0.0, 0.0, 0.0, 0.0, 0.0, 0.0, 0.0, 0.0, 0.0, 0.1, 89.1, 0.1, 0.0, 79.0, -6.0, 3482.0, 0.05, -70.0]
20:50:45.247 : Generated Params : [350.0, 0.0, 0.0, 1.0, 38.0, 0.0, 0.0, 0.0, 0.0, 0.0, 0.0, 0.0, 0.0, 0.0, 0.0, 0.0, 0.1, 91.1, 0.1, 0.0, 68.0, 8.0, 5002.0, 0.05, -70.0]
20:50:49.092 : Generated Params : [130.0, 0.0, 0.0, 1.0, 49.0, 0.0, 0.0, 0.0, 0.0, 0.0, 0.0, 0.0, 0.0, 0.0, 0.0, 0.0, 0.1, 91.1, 0.1, 0.0, 11.0, -56.0, 2200.0, 0.05, -70.0]
20:50:52.928 : Generated Params : [390.0, 0.0, 0.0, 1.0, 53.0, 0.0, 0.0, 0.0, 0.0, 0.0, 0.0, 0.0, 0.0, 0.0, 0.0, 0.0, 0.1, 80.1, 0.1, 0.0, 40.0, 41.0, 6745.0, 0.05, -70.0]
20:50:57.231 : Generated Params : [60.0, 0.0, 0.0, 1.0, 62.0, 0.0, 0.0, 0.0, 0.0, 0.0, 0.0, 0.0, 0.0, 0.0, 0.0, 0.0, 0.1, 20.1, 0.1, 0.0, 62.0, 11.0, 7492.0, 0.05, -70.0]
20:51:01.128 : Generated Params : [480.0, 0.0, 0.0, 1.0, 25.0, 0.0, 0.0, 0.0, 0.0, 0.0, 0.0, 0.0, 0.0, 0.0, 0.0, 0.0, 0.1, 100.1, 0.1, 0.0, 8.0, -27.0, 6920.0, 0.05, -70.0]
20:51:04.971 : Generated Params : [500.0, 0.0, 0.0, 1.0, 59.0, 0.0, 0.0, 0.0, 0.0, 0.0, 0.0, 0.0, 0.0, 0.0, 0.0, 0.0, 0.1, 83.1, 0.1, 0.0, 18.0, 33.0, 6152.0, 0.05, -70.0]
20:51:09.254 : Generated Params : [470.0, 0.0, 0.0, 1.0, 55.0, 0.0, 0.0, 0.0, 0.0, 0.0, 0.0, 0.0, 0.0, 0.0, 0.0, 0.0, 0.1, 66.1, 0.1, 0.0, 23.0, -87.0, 594.0, 0.05, -70.0]
20:51:13.184 : Generated Params : [60.0, 0.0, 0.0, 1.0, 56.0, 0.0, 0.0, 0.0, 0.0, 0.0, 0.0, 0.0, 0.0, 0.0, 0.0, 0.0, 0.1, 70.1, 0.1, 0.0, 57.0, 46.0, 7222.0, 0.05, -70.0]
20:51:17.000 : Generated Params : [110.0, 0.0, 0.0, 1.0, 76.0, 0.0, 0.0, 0.0, 0.0, 0.0, 0.0, 0.0, 0.0, 0.0, 0.0, 0.0, 0.1, 67.1, 0.1, 0.0, 90.0, 47.0, 2735.0, 0.05, -70.0]
20:51:20.849 : Generated Params : [190.0, 0.0, 0.0, 1.0, 26.0, 0.0, 0.0, 0.0, 0.0, 0.0, 0.0, 0.0, 0.0, 0.0, 0.0, 0.0, 0.1, 66.1, 0.1, 0.0, 72.0, -14.0, 5724.0, 0.05, -70.0]
20:51:25.190 : Generated Params : [280.0, 0.0, 0.0, 1.0, 0.0, 0.0, 0.0, 0.0, 0.0, 0.0, 0.0, 0.0, 0.0, 0.0, 0.0, 0.0, 0.1, 68.1, 0.1, 0.0, 5.0, -53.0, 6385.0, 0.05, -70.0]
20:51:29.021 : Generated Params : [390.0, 0.0, 0.0, 1.0, 2.0, 0.0, 0.0, 0.0, 0.0, 0.0, 0.0, 0.0, 0.0, 0.0, 0.0, 0.0, 0.1, 82.1, 0.1, 0.0, 33.0, 40.0, 6647.0, 0.05, -70.0]
20:51:35.975 : ------------------------------------------------------------
20:51:35.975 : Loop #9
20:53:12.126 : Generated Params : [420.0, 0.0, 0.0, 1.0, -37.0, 0.0, 0.0, 0.0, 0.0, 0.0, 0.0, 0.0, 0.0, 0.0, 0.0, 0.0, 0.1, 93.1, 0.1, 0.0, 49.0, 1.0, 2302.0, 0.05, -70.0]
20:53:15.929 : Generated Params : [350.0, 0.0, 0.0, 1.0, -36.0, 0.0, 0.0, 0.0, 0.0, 0.0, 0.0, 0.0, 0.0, 0.0, 0.0, 0.0, 0.1, 83.1, 0.1, 0.0, 79.0, -89.0, 367.0, 0.05, -70.0]
20:53:20.764 : Generated Params : [380.0, 0.0, 0.0, 1.0, 55.0, 0.0, 0.0, 0.0, 0.0, 0.0, 0.0, 0.0, 0.0, 0.0, 0.0, 0.0, 0.1, 87.1, 0.1, 0.0, 57.0, 88.0, 1376.0, 0.05, -70.0]
20:53:25.124 : Generated Params : [350.0, 0.0, 0.0, 1.0, 89.0, 0.0, 0.0, 0.0, 0.0, 0.0, 0.0, 0.0, 0.0, 0.0, 0.0, 0.0, 0.1, 94.1, 0.1, 0.0, 73.0, -37.0, 6428.0, 0.05, -70.0]
20:53:29.970 : Generated Params : [100.0, 0.0, 0.0, 1.0, -97.0, 0.0, 0.0, 0.0, 0.0, 0.0, 0.0, 0.0, 0.0, 0.0, 0.0, 0.0, 0.1, 86.1, 0.1, 0.0, 5.0, -30.0, 2762.0, 0.05, -70.0]
20:53:34.752 : Generated Params : [450.0, 0.0, 0.0, 1.0, -39.0, 0.0, 0.0, 0.0, 0.0, 0.0, 0.0, 0.0, 0.0, 0.0, 0.0, 0.0, 0.1, 98.1, 0.1, 0.0, 3.0, 53.0, 1536.0, 0.05, -70.0]
20:53:39.038 : Generated Params : [80.0, 0.0, 0.0, 1.0, 18.0, 0.0, 0.0, 0.0, 0.0, 0.0, 0.0, 0.0, 0.0, 0.0, 0.0, 0.0, 0.1, 100.1, 0.1, 0.0, 82.0, 8.0, 8214.0, 0.05, -70.0]
20:53:43.851 : Generated Params : [480.0, 0.0, 0.0, 1.0, 25.0, 0.0, 0.0, 0.0, 0.0, 0.0, 0.0, 0.0, 0.0, 0.0, 0.0, 0.0, 0.1, 99.1, 0.1, 0.0, 57.0, 96.0, 7180.0, 0.05, -70.0]
20:53:48.300 : Generated Params : [210.0, 0.0, 0.0, 1.0, -24.0, 0.0, 0.0, 0.0, 0.0, 0.0, 0.0, 0.0, 0.0, 0.0, 0.0, 0.0, 0.1, 98.1, 0.1, 0.0, 20.0, -43.0, 9880.0, 0.05, -70.0]
20:53:52.220 : Generated Params : [260.0, 0.0, 0.0, 1.0, -31.0, 0.0, 0.0, 0.0, 0.0, 0.0, 0.0, 0.0, 0.0, 0.0, 0.0, 0.0, 0.1, 32.1, 0.1, 0.0, 99.0, -41.0, 4946.0, 0.05, -70.0]
20:53:56.038 : Generated Params : [340.0, 0.0, 0.0, 1.0, 83.0, 0.0, 0.0, 0.0, 0.0, 0.0, 0.0, 0.0, 0.0, 0.0, 0.0, 0.0, 0.1, 94.1, 0.1, 0.0, 88.0, 10.0, 8252.0, 0.05, -70.0]
20:53:59.838 : Generated Params : [320.0, 0.0, 0.0, 1.0, 20.0, 0.0, 0.0, 0.0, 0.0, 0.0, 0.0, 0.0, 0.0, 0.0, 0.0, 0.0, 0.1, 84.1, 0.1, 0.0, 9.0, -6.0, 521.0, 0.05, -70.0]
20:54:04.292 : Generated Params : [370.0, 0.0, 0.0, 1.0, 89.0, 0.0, 0.0, 0.0, 0.0, 0.0, 0.0, 0.0, 0.0, 0.0, 0.0, 0.0, 0.1, 93.1, 0.1, 0.0, 24.0, 38.0, 1469.0, 0.05, -70.0]
20:54:08.147 : Generated Params : [10.0, 0.0, 0.0, 1.0, 72.0, 0.0, 0.0, 0.0, 0.0, 0.0, 0.0, 0.0, 0.0, 0.0, 0.0, 0.0, 0.1, 93.1, 0.1, 0.0, 8.0, -61.0, 8907.0, 0.05, -70.0]
20:54:11.986 : Generated Params : [480.0, 0.0, 0.0, 1.0, 65.0, 0.0, 0.0, 0.0, 0.0, 0.0, 0.0, 0.0, 0.0, 0.0, 0.0, 0.0, 0.1, 97.1, 0.1, 0.0, 85.0, -23.0, 2704.0, 0.05, -70.0]
20:54:16.798 : Generated Params : [120.0, 0.0, 0.0, 1.0, 70.0, 0.0, 0.0, 0.0, 0.0, 0.0, 0.0, 0.0, 0.0, 0.0, 0.0, 0.0, 0.1, 96.1, 0.1, 0.0, 49.0, -55.0, 7808.0, 0.05, -70.0]
20:54:21.065 : Generated Params : [380.0, 0.0, 0.0, 1.0, 31.0, 0.0, 0.0, 0.0, 0.0, 0.0, 0.0, 0.0, 0.0, 0.0, 0.0, 0.0, 0.1, 96.1, 0.1, 0.0, 68.0, -16.0, 3685.0, 0.05, -70.0]
20:54:31.305 : ------------------------------------------------------------
20:54:31.305 : Loop #10
20:56:06.450 : Generated Params : [250.0, 0.0, 0.0, 1.0, 90.0, 0.0, 0.0, 0.0, 0.0, 0.0, 0.0, 0.0, 0.0, 0.0, 0.0, 0.0, 0.1, 76.1, 0.1, 0.0, 21.0, -22.0, 3092.0, 0.05, -70.0]
20:56:10.234 : Generated Params : [420.0, 0.0, 0.0, 1.0, -29.0, 0.0, 0.0, 0.0, 0.0, 0.0, 0.0, 0.0, 0.0, 0.0, 0.0, 0.0, 0.1, 90.1, 0.1, 0.0, 38.0, -12.0, 9255.0, 0.05, -70.0]
20:56:14.031 : Generated Params : [340.0, 0.0, 0.0, 1.0, 58.0, 0.0, 0.0, 0.0, 0.0, 0.0, 0.0, 0.0, 0.0, 0.0, 0.0, 0.0, 0.1, 67.1, 0.1, 0.0, 41.0, -92.0, 3493.0, 0.05, -70.0]
20:56:17.903 : Generated Params : [350.0, 0.0, 0.0, 1.0, -49.0, 0.0, 0.0, 0.0, 0.0, 0.0, 0.0, 0.0, 0.0, 0.0, 0.0, 0.0, 0.1, 100.1, 0.1, 0.0, 74.0, -2.0, 126.0, 0.05, -70.0]
20:56:22.216 : Generated Params : [410.0, 0.0, 0.0, 1.0, 63.0, 0.0, 0.0, 0.0, 0.0, 0.0, 0.0, 0.0, 0.0, 0.0, 0.0, 0.0, 0.1, 72.1, 0.1, 0.0, 88.0, -71.0, 6134.0, 0.05, -70.0]
20:56:26.056 : Generated Params : [80.0, 0.0, 0.0, 1.0, 99.0, 0.0, 0.0, 0.0, 0.0, 0.0, 0.0, 0.0, 0.0, 0.0, 0.0, 0.0, 0.1, 90.1, 0.1, 0.0, 20.0, 14.0, 8803.0, 0.05, -70.0]
20:56:29.913 : Generated Params : [180.0, 0.0, 0.0, 1.0, -63.0, 0.0, 0.0, 0.0, 0.0, 0.0, 0.0, 0.0, 0.0, 0.0, 0.0, 0.0, 0.1, 74.1, 0.1, 0.0, 6.0, -29.0, 4675.0, 0.05, -70.0]
20:56:34.212 : Generated Params : [160.0, 0.0, 0.0, 1.0, 75.0, 0.0, 0.0, 0.0, 0.0, 0.0, 0.0, 0.0, 0.0, 0.0, 0.0, 0.0, 0.1, 70.1, 0.1, 0.0, 26.0, 60.0, 8326.0, 0.05, -70.0]
20:56:38.105 : Generated Params : [290.0, 0.0, 0.0, 1.0, -33.0, 0.0, 0.0, 0.0, 0.0, 0.0, 0.0, 0.0, 0.0, 0.0, 0.0, 0.0, 0.1, 93.1, 0.1, 0.0, 44.0, 35.0, 5398.0, 0.05, -70.0]
20:56:42.072 : Generated Params : [440.0, 0.0, 0.0, 1.0, 92.0, 0.0, 0.0, 0.0, 0.0, 0.0, 0.0, 0.0, 0.0, 0.0, 0.0, 0.0, 0.1, 60.1, 0.1, 0.0, 44.0, 49.0, 814.0, 0.05, -70.0]
20:56:45.905 : Generated Params : [10.0, 0.0, 0.0, 1.0, -84.0, 0.0, 0.0, 0.0, 0.0, 0.0, 0.0, 0.0, 0.0, 0.0, 0.0, 0.0, 0.1, 82.1, 0.1, 0.0, 64.0, -65.0, 9747.0, 0.05, -70.0]
20:56:50.295 : Generated Params : [320.0, 0.0, 0.0, 1.0, 18.0, 0.0, 0.0, 0.0, 0.0, 0.0, 0.0, 0.0, 0.0, 0.0, 0.0, 0.0, 0.1, 90.1, 0.1, 0.0, 13.0, 5.0, 5770.0, 0.05, -70.0]
20:56:54.238 : Generated Params : [190.0, 0.0, 0.0, 1.0, 13.0, 0.0, 0.0, 0.0, 0.0, 0.0, 0.0, 0.0, 0.0, 0.0, 0.0, 0.0, 0.1, 73.1, 0.1, 0.0, 76.0, 66.0, 733.0, 0.05, -70.0]
20:56:58.224 : Generated Params : [280.0, 0.0, 0.0, 1.0, -22.0, 0.0, 0.0, 0.0, 0.0, 0.0, 0.0, 0.0, 0.0, 0.0, 0.0, 0.0, 0.1, 77.1, 0.1, 0.0, 61.0, -97.0, 6216.0, 0.05, -70.0]
20:57:02.260 : Generated Params : [80.0, 0.0, 0.0, 1.0, 99.0, 0.0, 0.0, 0.0, 0.0, 0.0, 0.0, 0.0, 0.0, 0.0, 0.0, 0.0, 0.1, 94.1, 0.1, 0.0, 37.0, 28.0, 3349.0, 0.05, -70.0]
20:57:06.197 : Generated Params : [440.0, 0.0, 0.0, 1.0, 55.0, 0.0, 0.0, 0.0, 0.0, 0.0, 0.0, 0.0, 0.0, 0.0, 0.0, 0.0, 0.1, 100.1, 0.1, 0.0, 38.0, -35.0, 2665.0, 0.05, -70.0]
20:57:10.235 : Generated Params : [250.0, 0.0, 0.0, 1.0, 40.0, 0.0, 0.0, 0.0, 0.0, 0.0, 0.0, 0.0, 0.0, 0.0, 0.0, 0.0, 0.1, 83.1, 0.1, 0.0, 21.0, 25.0, 2710.0, 0.05, -70.0]
20:57:14.316 : Generated Params : [470.0, 0.0, 0.0, 1.0, 89.0, 0.0, 0.0, 0.0, 0.0, 0.0, 0.0, 0.0, 0.0, 0.0, 0.0, 0.0, 0.1, 78.1, 0.1, 0.0, 17.0, 95.0, 2042.0, 0.05, -70.0]
20:57:18.280 : Generated Params : [250.0, 0.0, 0.0, 1.0, 41.0, 0.0, 0.0, 0.0, 0.0, 0.0, 0.0, 0.0, 0.0, 0.0, 0.0, 0.0, 0.1, 92.1, 0.1, 0.0, 70.0, 43.0, 7427.0, 0.05, -70.0]
20:57:23.616 : ------------------------------------------------------------
20:57:23.617 : Loop #11
20:58:59.006 : Generated Params : [290.0, 0.0, 0.0, 1.0, 64.0, 0.0, 0.0, 0.0, 0.0, 0.0, 0.0, 0.0, 0.0, 0.0, 0.0, 0.0, 0.1, 44.1, 0.1, 0.0, 67.0, -55.0, 7642.0, 0.05, -70.0]
20:59:02.828 : Generated Params : [500.0, 0.0, 0.0, 1.0, -89.0, 0.0, 0.0, 0.0, 0.0, 0.0, 0.0, 0.0, 0.0, 0.0, 0.0, 0.0, 0.1, 100.1, 0.1, 0.0, 27.0, -62.0, 6023.0, 0.05, -70.0]
20:59:07.297 : Generated Params : [390.0, 0.0, 0.0, 1.0, -25.0, 0.0, 0.0, 0.0, 0.0, 0.0, 0.0, 0.0, 0.0, 0.0, 0.0, 0.0, 0.1, 84.1, 0.1, 0.0, 100.0, 59.0, 4949.0, 0.05, -70.0]
20:59:11.355 : Generated Params : [470.0, 0.0, 0.0, 1.0, 97.0, 0.0, 0.0, 0.0, 0.0, 0.0, 0.0, 0.0, 0.0, 0.0, 0.0, 0.0, 0.1, 34.1, 0.1, 0.0, 18.0, -4.0, 5343.0, 0.05, -70.0]
20:59:15.554 : Generated Params : [470.0, 0.0, 0.0, 1.0, -53.0, 0.0, 0.0, 0.0, 0.0, 0.0, 0.0, 0.0, 0.0, 0.0, 0.0, 0.0, 0.1, 100.1, 0.1, 0.0, 90.0, -37.0, 9779.0, 0.05, -70.0]
20:59:19.864 : Generated Params : [290.0, 0.0, 0.0, 1.0, 33.0, 0.0, 0.0, 0.0, 0.0, 0.0, 0.0, 0.0, 0.0, 0.0, 0.0, 0.0, 0.1, 99.1, 0.1, 0.0, 17.0, 30.0, 5481.0, 0.05, -70.0]
20:59:24.144 : Generated Params : [150.0, 0.0, 0.0, 1.0, 99.0, 0.0, 0.0, 0.0, 0.0, 0.0, 0.0, 0.0, 0.0, 0.0, 0.0, 0.0, 0.1, 76.1, 0.1, 0.0, 35.0, -20.0, 8900.0, 0.05, -70.0]
20:59:28.954 : Generated Params : [380.0, 0.0, 0.0, 1.0, -66.0, 0.0, 0.0, 0.0, 0.0, 0.0, 0.0, 0.0, 0.0, 0.0, 0.0, 0.0, 0.1, 86.1, 0.1, 0.0, 70.0, -79.0, 8576.0, 0.05, -70.0]
20:59:35.295 : Generated Params : [340.0, 0.0, 0.0, 1.0, -71.0, 0.0, 0.0, 0.0, 0.0, 0.0, 0.0, 0.0, 0.0, 0.0, 0.0, 0.0, 0.1, 73.1, 0.1, 0.0, 92.0, 37.0, 3599.0, 0.05, -70.0]
20:59:39.114 : Generated Params : [210.0, 0.0, 0.0, 1.0, 48.0, 0.0, 0.0, 0.0, 0.0, 0.0, 0.0, 0.0, 0.0, 0.0, 0.0, 0.0, 0.1, 91.1, 0.1, 0.0, 80.0, -45.0, 327.0, 0.05, -70.0]
20:59:42.995 : Generated Params : [130.0, 0.0, 0.0, 1.0, -81.0, 0.0, 0.0, 0.0, 0.0, 0.0, 0.0, 0.0, 0.0, 0.0, 0.0, 0.0, 0.1, 90.1, 0.1, 0.0, 14.0, 66.0, 6543.0, 0.05, -70.0]
20:59:47.681 : Generated Params : [310.0, 0.0, 0.0, 1.0, 43.0, 0.0, 0.0, 0.0, 0.0, 0.0, 0.0, 0.0, 0.0, 0.0, 0.0, 0.0, 0.1, 83.1, 0.1, 0.0, 74.0, -74.0, 5928.0, 0.05, -70.0]
20:59:51.579 : Generated Params : [30.0, 0.0, 0.0, 1.0, 43.0, 0.0, 0.0, 0.0, 0.0, 0.0, 0.0, 0.0, 0.0, 0.0, 0.0, 0.0, 0.1, 84.1, 0.1, 0.0, 46.0, -76.0, 3633.0, 0.05, -70.0]
20:59:55.431 : Generated Params : [420.0, 0.0, 0.0, 1.0, -25.0, 0.0, 0.0, 0.0, 0.0, 0.0, 0.0, 0.0, 0.0, 0.0, 0.0, 0.0, 0.1, 87.1, 0.1, 0.0, 8.0, 40.0, 6964.0, 0.05, -70.0]
20:59:59.268 : Generated Params : [470.0, 0.0, 0.0, 1.0, 36.0, 0.0, 0.0, 0.0, 0.0, 0.0, 0.0, 0.0, 0.0, 0.0, 0.0, 0.0, 0.1, 53.1, 0.1, 0.0, 86.0, 99.0, 8469.0, 0.05, -70.0]
21:00:03.115 : Generated Params : [190.0, 0.0, 0.0, 1.0, 20.0, 0.0, 0.0, 0.0, 0.0, 0.0, 0.0, 0.0, 0.0, 0.0, 0.0, 0.0, 0.1, 86.1, 0.1, 0.0, 14.0, -66.0, 4062.0, 0.05, -70.0]
21:00:07.023 : Generated Params : [500.0, 0.0, 0.0, 1.0, 27.0, 0.0, 0.0, 0.0, 0.0, 0.0, 0.0, 0.0, 0.0, 0.0, 0.0, 0.0, 0.1, 92.1, 0.1, 0.0, 86.0, 21.0, 8523.0, 0.05, -70.0]
21:00:13.091 : ------------------------------------------------------------
21:00:13.091 : Loop #12
21:01:47.985 : Generated Params : [210.0, 0.0, 0.0, 1.0, 70.0, 0.0, 0.0, 0.0, 0.0, 0.0, 0.0, 0.0, 0.0, 0.0, 0.0, 0.0, 0.1, 72.1, 0.1, 0.0, 13.0, -36.0, 2713.0, 0.05, -70.0]
21:01:52.467 : Generated Params : [110.0, 0.0, 0.0, 1.0, 45.0, 0.0, 0.0, 0.0, 0.0, 0.0, 0.0, 0.0, 0.0, 0.0, 0.0, 0.0, 0.1, 89.1, 0.1, 0.0, 51.0, 13.0, 1954.0, 0.05, -70.0]
21:01:56.313 : Generated Params : [290.0, 0.0, 0.0, 1.0, 89.0, 0.0, 0.0, 0.0, 0.0, 0.0, 0.0, 0.0, 0.0, 0.0, 0.0, 0.0, 0.1, 70.1, 0.1, 0.0, 33.0, 5.0, 6152.0, 0.05, -70.0]
21:02:00.123 : Generated Params : [20.0, 0.0, 0.0, 1.0, 87.0, 0.0, 0.0, 0.0, 0.0, 0.0, 0.0, 0.0, 0.0, 0.0, 0.0, 0.0, 0.1, 79.1, 0.1, 0.0, 79.0, -76.0, 9154.0, 0.05, -70.0]
21:02:04.007 : Generated Params : [20.0, 0.0, 0.0, 1.0, 97.0, 0.0, 0.0, 0.0, 0.0, 0.0, 0.0, 0.0, 0.0, 0.0, 0.0, 0.0, 0.1, 89.1, 0.1, 0.0, 41.0, -94.0, 2839.0, 0.05, -70.0]
21:02:07.950 : Generated Params : [380.0, 0.0, 0.0, 1.0, 99.0, 0.0, 0.0, 0.0, 0.0, 0.0, 0.0, 0.0, 0.0, 0.0, 0.0, 0.0, 0.1, 80.1, 0.1, 0.0, 27.0, -16.0, 1815.0, 0.05, -70.0]
21:02:12.316 : Generated Params : [500.0, 0.0, 0.0, 1.0, 87.0, 0.0, 0.0, 0.0, 0.0, 0.0, 0.0, 0.0, 0.0, 0.0, 0.0, 0.0, 0.1, 90.1, 0.1, 0.0, 64.0, 16.0, 5397.0, 0.05, -70.0]
21:02:16.222 : Generated Params : [390.0, 0.0, 0.0, 1.0, 26.0, 0.0, 0.0, 0.0, 0.0, 0.0, 0.0, 0.0, 0.0, 0.0, 0.0, 0.0, 0.1, 18.1, 0.1, 0.0, 5.0, -36.0, 9025.0, 0.05, -70.0]
21:02:20.103 : Generated Params : [500.0, 0.0, 0.0, 1.0, 98.0, 0.0, 0.0, 0.0, 0.0, 0.0, 0.0, 0.0, 0.0, 0.0, 0.0, 0.0, 0.1, 58.1, 0.1, 0.0, 8.0, -53.0, 3254.0, 0.05, -70.0]
21:02:24.017 : Generated Params : [150.0, 0.0, 0.0, 1.0, 93.0, 0.0, 0.0, 0.0, 0.0, 0.0, 0.0, 0.0, 0.0, 0.0, 0.0, 0.0, 0.1, 92.1, 0.1, 0.0, 58.0, -62.0, 7876.0, 0.05, -70.0]
21:02:28.018 : Generated Params : [240.0, 0.0, 0.0, 1.0, 80.0, 0.0, 0.0, 0.0, 0.0, 0.0, 0.0, 0.0, 0.0, 0.0, 0.0, 0.0, 0.1, 79.1, 0.1, 0.0, 21.0, -31.0, 1496.0, 0.05, -70.0]
21:02:31.932 : Generated Params : [250.0, 0.0, 0.0, 1.0, 31.0, 0.0, 0.0, 0.0, 0.0, 0.0, 0.0, 0.0, 0.0, 0.0, 0.0, 0.0, 0.1, 100.1, 0.1, 0.0, 74.0, 1.0, 7818.0, 0.05, -70.0]
21:02:36.258 : Generated Params : [350.0, 0.0, 0.0, 1.0, 88.0, 0.0, 0.0, 0.0, 0.0, 0.0, 0.0, 0.0, 0.0, 0.0, 0.0, 0.0, 0.1, 97.1, 0.1, 0.0, 76.0, 26.0, 7343.0, 0.05, -70.0]
21:02:40.129 : Generated Params : [180.0, 0.0, 0.0, 1.0, 17.0, 0.0, 0.0, 0.0, 0.0, 0.0, 0.0, 0.0, 0.0, 0.0, 0.0, 0.0, 0.1, 100.1, 0.1, 0.0, 63.0, -32.0, 7063.0, 0.05, -70.0]
21:02:44.069 : Generated Params : [250.0, 0.0, 0.0, 1.0, 2.0, 0.0, 0.0, 0.0, 0.0, 0.0, 0.0, 0.0, 0.0, 0.0, 0.0, 0.0, 0.1, 63.1, 0.1, 0.0, 17.0, 61.0, 8516.0, 0.05, -70.0]
21:02:48.019 : Generated Params : [210.0, 0.0, 0.0, 1.0, 67.0, 0.0, 0.0, 0.0, 0.0, 0.0, 0.0, 0.0, 0.0, 0.0, 0.0, 0.0, 0.1, 86.1, 0.1, 0.0, 47.0, 63.0, 7538.0, 0.05, -70.0]
21:02:52.024 : Generated Params : [480.0, 0.0, 0.0, 1.0, -43.0, 0.0, 0.0, 0.0, 0.0, 0.0, 0.0, 0.0, 0.0, 0.0, 0.0, 0.0, 0.1, 88.1, 0.1, 0.0, 98.0, -35.0, 1077.0, 0.05, -70.0]
21:02:56.030 : Generated Params : [150.0, 0.0, 0.0, 1.0, 80.0, 0.0, 0.0, 0.0, 0.0, 0.0, 0.0, 0.0, 0.0, 0.0, 0.0, 0.0, 0.1, 77.1, 0.1, 0.0, 32.0, 10.0, 616.0, 0.05, -70.0]
21:03:00.128 : Generated Params : [320.0, 0.0, 0.0, 1.0, 64.0, 0.0, 0.0, 0.0, 0.0, 0.0, 0.0, 0.0, 0.0, 0.0, 0.0, 0.0, 0.1, 53.1, 0.1, 0.0, 44.0, -49.0, 2715.0, 0.05, -70.0]
21:03:04.060 : Generated Params : [470.0, 0.0, 0.0, 1.0, -55.0, 0.0, 0.0, 0.0, 0.0, 0.0, 0.0, 0.0, 0.0, 0.0, 0.0, 0.0, 0.1, 69.1, 0.1, 0.0, 44.0, 37.0, 839.0, 0.05, -70.0]
21:03:13.276 : ------------------------------------------------------------
21:03:13.276 : Loop #13
21:04:49.207 : Generated Params : [500.0, 0.0, 0.0, 1.0, -41.0, 0.0, 0.0, 0.0, 0.0, 0.0, 0.0, 0.0, 0.0, 0.0, 0.0, 0.0, 0.1, 96.1, 0.1, 0.0, 38.0, -27.0, 4824.0, 0.05, -70.0]
21:04:53.019 : Generated Params : [500.0, 0.0, 0.0, 1.0, -41.0, 0.0, 0.0, 0.0, 0.0, 0.0, 0.0, 0.0, 0.0, 0.0, 0.0, 0.0, 0.1, 64.1, 0.1, 0.0, 50.0, -55.0, 5167.0, 0.05, -70.0]
21:04:57.043 : Generated Params : [410.0, 0.0, 0.0, 1.0, 13.0, 0.0, 0.0, 0.0, 0.0, 0.0, 0.0, 0.0, 0.0, 0.0, 0.0, 0.0, 0.1, 83.1, 0.1, 0.0, 8.0, 65.0, 2634.0, 0.05, -70.0]
21:05:00.905 : Generated Params : [350.0, 0.0, 0.0, 1.0, 68.0, 0.0, 0.0, 0.0, 0.0, 0.0, 0.0, 0.0, 0.0, 0.0, 0.0, 0.0, 0.1, 70.1, 0.1, 0.0, 53.0, -29.0, 521.0, 0.05, -70.0]
21:05:05.534 : Generated Params : [110.0, 0.0, 0.0, 1.0, 51.0, 0.0, 0.0, 0.0, 0.0, 0.0, 0.0, 0.0, 0.0, 0.0, 0.0, 0.0, 0.1, 71.1, 0.1, 0.0, 52.0, 100.0, 3733.0, 0.05, -70.0]
21:05:09.808 : Generated Params : [160.0, 0.0, 0.0, 1.0, 65.0, 0.0, 0.0, 0.0, 0.0, 0.0, 0.0, 0.0, 0.0, 0.0, 0.0, 0.0, 0.1, 80.1, 0.1, 0.0, 63.0, 59.0, 1396.0, 0.05, -70.0]
21:05:14.054 : Generated Params : [210.0, 0.0, 0.0, 1.0, -81.0, 0.0, 0.0, 0.0, 0.0, 0.0, 0.0, 0.0, 0.0, 0.0, 0.0, 0.0, 0.1, 87.1, 0.1, 0.0, 38.0, 21.0, 9158.0, 0.05, -70.0]
21:05:18.872 : Generated Params : [380.0, 0.0, 0.0, 1.0, 43.0, 0.0, 0.0, 0.0, 0.0, 0.0, 0.0, 0.0, 0.0, 0.0, 0.0, 0.0, 0.1, 49.1, 0.1, 0.0, 5.0, -23.0, 2409.0, 0.05, -70.0]
21:05:23.197 : Generated Params : [380.0, 0.0, 0.0, 1.0, 97.0, 0.0, 0.0, 0.0, 0.0, 0.0, 0.0, 0.0, 0.0, 0.0, 0.0, 0.0, 0.1, 18.1, 0.1, 0.0, 8.0, -12.0, 6044.0, 0.05, -70.0]
21:05:27.006 : Generated Params : [480.0, 0.0, 0.0, 1.0, 9.0, 0.0, 0.0, 0.0, 0.0, 0.0, 0.0, 0.0, 0.0, 0.0, 0.0, 0.0, 0.1, 72.1, 0.1, 0.0, 2.0, 21.0, 8257.0, 0.05, -70.0]
21:05:33.155 : Generated Params : [250.0, 0.0, 0.0, 1.0, -84.0, 0.0, 0.0, 0.0, 0.0, 0.0, 0.0, 0.0, 0.0, 0.0, 0.0, 0.0, 0.1, 99.1, 0.1, 0.0, 18.0, -26.0, 8034.0, 0.05, -70.0]
21:05:37.100 : Generated Params : [280.0, 0.0, 0.0, 1.0, -2.0, 0.0, 0.0, 0.0, 0.0, 0.0, 0.0, 0.0, 0.0, 0.0, 0.0, 0.0, 0.1, 99.1, 0.1, 0.0, 99.0, 52.0, 545.0, 0.05, -70.0]
21:05:41.157 : Generated Params : [370.0, 0.0, 0.0, 1.0, 51.0, 0.0, 0.0, 0.0, 0.0, 0.0, 0.0, 0.0, 0.0, 0.0, 0.0, 0.0, 0.1, 80.1, 0.1, 0.0, 32.0, 80.0, 8354.0, 0.05, -70.0]
21:05:45.148 : Generated Params : [80.0, 0.0, 0.0, 1.0, -8.0, 0.0, 0.0, 0.0, 0.0, 0.0, 0.0, 0.0, 0.0, 0.0, 0.0, 0.0, 0.1, 83.1, 0.1, 0.0, 9.0, 90.0, 4263.0, 0.05, -70.0]
21:05:49.131 : Generated Params : [220.0, 0.0, 0.0, 1.0, -94.0, 0.0, 0.0, 0.0, 0.0, 0.0, 0.0, 0.0, 0.0, 0.0, 0.0, 0.0, 0.1, 87.1, 0.1, 0.0, 46.0, 39.0, 578.0, 0.05, -70.0]
21:05:53.082 : Generated Params : [310.0, 0.0, 0.0, 1.0, 4.0, 0.0, 0.0, 0.0, 0.0, 0.0, 0.0, 0.0, 0.0, 0.0, 0.0, 0.0, 0.1, 80.1, 0.1, 0.0, 11.0, 0.0, 1085.0, 0.05, -70.0]
21:05:57.093 : Generated Params : [60.0, 0.0, 0.0, 1.0, 52.0, 0.0, 0.0, 0.0, 0.0, 0.0, 0.0, 0.0, 0.0, 0.0, 0.0, 0.0, 0.1, 79.1, 0.1, 0.0, 63.0, 84.0, 9701.0, 0.05, -70.0]
21:06:03.396 : ------------------------------------------------------------
21:06:03.396 : Loop #14
21:07:39.534 : Generated Params : [500.0, 0.0, 0.0, 1.0, -17.0, 0.0, 0.0, 0.0, 0.0, 0.0, 0.0, 0.0, 0.0, 0.0, 0.0, 0.0, 0.1, 30.1, 0.1, 0.0, 78.0, -82.0, 4098.0, 0.05, -70.0]
21:07:45.013 : Generated Params : [450.0, 0.0, 0.0, 1.0, 8.0, 0.0, 0.0, 0.0, 0.0, 0.0, 0.0, 0.0, 0.0, 0.0, 0.0, 0.0, 0.1, 57.1, 0.1, 0.0, 11.0, -31.0, 799.0, 0.05, -70.0]
21:07:48.952 : Generated Params : [240.0, 0.0, 0.0, 1.0, -38.0, 0.0, 0.0, 0.0, 0.0, 0.0, 0.0, 0.0, 0.0, 0.0, 0.0, 0.0, 0.1, 58.1, 0.1, 0.0, 26.0, -88.0, 5721.0, 0.05, -70.0]
21:07:53.447 : Generated Params : [440.0, 0.0, 0.0, 1.0, 2.0, 0.0, 0.0, 0.0, 0.0, 0.0, 0.0, 0.0, 0.0, 0.0, 0.0, 0.0, 0.1, 70.1, 0.1, 0.0, 43.0, -94.0, 6302.0, 0.05, -70.0]
21:07:57.538 : Generated Params : [470.0, 0.0, 0.0, 1.0, 56.0, 0.0, 0.0, 0.0, 0.0, 0.0, 0.0, 0.0, 0.0, 0.0, 0.0, 0.0, 0.1, 78.1, 0.1, 0.0, 86.0, -31.0, 8775.0, 0.05, -70.0]
21:08:01.773 : Generated Params : [500.0, 0.0, 0.0, 1.0, 87.0, 0.0, 0.0, 0.0, 0.0, 0.0, 0.0, 0.0, 0.0, 0.0, 0.0, 0.0, 0.1, 92.1, 0.1, 0.0, 62.0, 89.0, 7567.0, 0.05, -70.0]
21:08:06.175 : Generated Params : [350.0, 0.0, 0.0, 1.0, -37.0, 0.0, 0.0, 0.0, 0.0, 0.0, 0.0, 0.0, 0.0, 0.0, 0.0, 0.0, 0.1, 77.1, 0.1, 0.0, 35.0, -33.0, 6968.0, 0.05, -70.0]
21:08:11.057 : Generated Params : [480.0, 0.0, 0.0, 1.0, 95.0, 0.0, 0.0, 0.0, 0.0, 0.0, 0.0, 0.0, 0.0, 0.0, 0.0, 0.0, 0.1, 35.1, 0.1, 0.0, 84.0, -90.0, 5081.0, 0.05, -70.0]
21:08:14.943 : Generated Params : [420.0, 0.0, 0.0, 1.0, 41.0, 0.0, 0.0, 0.0, 0.0, 0.0, 0.0, 0.0, 0.0, 0.0, 0.0, 0.0, 0.1, 100.1, 0.1, 0.0, 88.0, -6.0, 1357.0, 0.05, -70.0]
21:08:19.608 : Generated Params : [310.0, 0.0, 0.0, 1.0, 81.0, 0.0, 0.0, 0.0, 0.0, 0.0, 0.0, 0.0, 0.0, 0.0, 0.0, 0.0, 0.1, 90.1, 0.1, 0.0, 35.0, -53.0, 9216.0, 0.05, -70.0]
21:08:23.871 : Generated Params : [370.0, 0.0, 0.0, 1.0, -45.0, 0.0, 0.0, 0.0, 0.0, 0.0, 0.0, 0.0, 0.0, 0.0, 0.0, 0.0, 0.1, 58.1, 0.1, 0.0, 80.0, 65.0, 5369.0, 0.05, -70.0]
21:08:28.291 : Generated Params : [120.0, 0.0, 0.0, 1.0, 78.0, 0.0, 0.0, 0.0, 0.0, 0.0, 0.0, 0.0, 0.0, 0.0, 0.0, 0.0, 0.1, 90.1, 0.1, 0.0, 63.0, -97.0, 4222.0, 0.05, -70.0]
21:08:33.180 : Generated Params : [110.0, 0.0, 0.0, 1.0, 74.0, 0.0, 0.0, 0.0, 0.0, 0.0, 0.0, 0.0, 0.0, 0.0, 0.0, 0.0, 0.1, 80.1, 0.1, 0.0, 21.0, 42.0, 1977.0, 0.05, -70.0]
21:08:37.112 : Generated Params : [290.0, 0.0, 0.0, 1.0, 68.0, 0.0, 0.0, 0.0, 0.0, 0.0, 0.0, 0.0, 0.0, 0.0, 0.0, 0.0, 0.1, 60.1, 0.1, 0.0, 43.0, -90.0, 9675.0, 0.05, -70.0]
21:08:41.123 : Generated Params : [480.0, 0.0, 0.0, 1.0, -31.0, 0.0, 0.0, 0.0, 0.0, 0.0, 0.0, 0.0, 0.0, 0.0, 0.0, 0.0, 0.1, 60.1, 0.1, 0.0, 9.0, -50.0, 4921.0, 0.05, -70.0]
21:08:45.046 : Generated Params : [480.0, 0.0, 0.0, 1.0, 51.0, 0.0, 0.0, 0.0, 0.0, 0.0, 0.0, 0.0, 0.0, 0.0, 0.0, 0.0, 0.1, 52.1, 0.1, 0.0, 35.0, -41.0, 728.0, 0.05, -70.0]
21:08:54.476 : ------------------------------------------------------------
21:08:54.476 : Loop #15
21:10:30.569 : Generated Params : [150.0, 0.0, 0.0, 1.0, 25.0, 0.0, 0.0, 0.0, 0.0, 0.0, 0.0, 0.0, 0.0, 0.0, 0.0, 0.0, 0.1, 45.1, 0.1, 0.0, 50.0, -18.0, 8400.0, 0.05, -70.0]
21:10:35.002 : Generated Params : [450.0, 0.0, 0.0, 1.0, 86.0, 0.0, 0.0, 0.0, 0.0, 0.0, 0.0, 0.0, 0.0, 0.0, 0.0, 0.0, 0.1, 91.1, 0.1, 0.0, 59.0, 50.0, 4973.0, 0.05, -70.0]
21:10:40.009 : Generated Params : [410.0, 0.0, 0.0, 1.0, -45.0, 0.0, 0.0, 0.0, 0.0, 0.0, 0.0, 0.0, 0.0, 0.0, 0.0, 0.0, 0.1, 77.1, 0.1, 0.0, 46.0, 60.0, 4184.0, 0.05, -70.0]
21:10:43.873 : Generated Params : [440.0, 0.0, 0.0, 1.0, 34.0, 0.0, 0.0, 0.0, 0.0, 0.0, 0.0, 0.0, 0.0, 0.0, 0.0, 0.0, 0.1, 93.1, 0.1, 0.0, 30.0, 48.0, 9272.0, 0.05, -70.0]
21:10:48.382 : Generated Params : [420.0, 0.0, 0.0, 1.0, 13.0, 0.0, 0.0, 0.0, 0.0, 0.0, 0.0, 0.0, 0.0, 0.0, 0.0, 0.0, 0.1, 46.1, 0.1, 0.0, 11.0, -76.0, 4121.0, 0.05, -70.0]
21:10:52.435 : Generated Params : [340.0, 0.0, 0.0, 1.0, -7.0, 0.0, 0.0, 0.0, 0.0, 0.0, 0.0, 0.0, 0.0, 0.0, 0.0, 0.0, 0.1, 49.1, 0.1, 0.0, 64.0, -50.0, 1572.0, 0.05, -70.0]
21:10:56.701 : Generated Params : [410.0, 0.0, 0.0, 1.0, -65.0, 0.0, 0.0, 0.0, 0.0, 0.0, 0.0, 0.0, 0.0, 0.0, 0.0, 0.0, 0.1, 94.1, 0.1, 0.0, 8.0, 43.0, 7692.0, 0.05, -70.0]
21:11:01.107 : Generated Params : [190.0, 0.0, 0.0, 1.0, -59.0, 0.0, 0.0, 0.0, 0.0, 0.0, 0.0, 0.0, 0.0, 0.0, 0.0, 0.0, 0.1, 52.1, 0.1, 0.0, 18.0, 98.0, 5990.0, 0.05, -70.0]
21:11:06.039 : Generated Params : [470.0, 0.0, 0.0, 1.0, 43.0, 0.0, 0.0, 0.0, 0.0, 0.0, 0.0, 0.0, 0.0, 0.0, 0.0, 0.0, 0.1, 50.1, 0.1, 0.0, 74.0, -69.0, 8477.0, 0.05, -70.0]
21:11:10.152 : Generated Params : [450.0, 0.0, 0.0, 1.0, 27.0, 0.0, 0.0, 0.0, 0.0, 0.0, 0.0, 0.0, 0.0, 0.0, 0.0, 0.0, 0.1, 92.1, 0.1, 0.0, 14.0, 86.0, 4691.0, 0.05, -70.0]
21:11:14.080 : Generated Params : [310.0, 0.0, 0.0, 1.0, -7.0, 0.0, 0.0, 0.0, 0.0, 0.0, 0.0, 0.0, 0.0, 0.0, 0.0, 0.0, 0.1, 50.1, 0.1, 0.0, 8.0, 95.0, 6596.0, 0.05, -70.0]
21:11:18.034 : Generated Params : [470.0, 0.0, 0.0, 1.0, -29.0, 0.0, 0.0, 0.0, 0.0, 0.0, 0.0, 0.0, 0.0, 0.0, 0.0, 0.0, 0.1, 82.1, 0.1, 0.0, 47.0, 0.0, 5984.0, 0.05, -70.0]
21:11:22.010 : Generated Params : [390.0, 0.0, 0.0, 1.0, -38.0, 0.0, 0.0, 0.0, 0.0, 0.0, 0.0, 0.0, 0.0, 0.0, 0.0, 0.0, 0.1, 54.1, 0.1, 0.0, 11.0, -38.0, 5718.0, 0.05, -70.0]
21:11:25.930 : Generated Params : [110.0, 0.0, 0.0, 1.0, 79.0, 0.0, 0.0, 0.0, 0.0, 0.0, 0.0, 0.0, 0.0, 0.0, 0.0, 0.0, 0.1, 80.1, 0.1, 0.0, 2.0, -1.0, 5215.0, 0.05, -70.0]
21:11:30.200 : Generated Params : [320.0, 0.0, 0.0, 1.0, -98.0, 0.0, 0.0, 0.0, 0.0, 0.0, 0.0, 0.0, 0.0, 0.0, 0.0, 0.0, 0.1, 97.1, 0.1, 0.0, 26.0, -89.0, 2349.0, 0.05, -70.0]
21:11:34.001 : Generated Params : [470.0, 0.0, 0.0, 1.0, 1.0, 0.0, 0.0, 0.0, 0.0, 0.0, 0.0, 0.0, 0.0, 0.0, 0.0, 0.0, 0.1, 84.1, 0.1, 0.0, 11.0, -33.0, 8713.0, 0.05, -70.0]
21:11:39.880 : ------------------------------------------------------------
21:11:39.880 : Loop #16
21:13:15.165 : Generated Params : [150.0, 0.0, 0.0, 1.0, 86.0, 0.0, 0.0, 0.0, 0.0, 0.0, 0.0, 0.0, 0.0, 0.0, 0.0, 0.0, 0.1, 53.1, 0.1, 0.0, 9.0, 11.0, 5116.0, 0.05, -70.0]
21:13:18.977 : Generated Params : [160.0, 0.0, 0.0, 1.0, 81.0, 0.0, 0.0, 0.0, 0.0, 0.0, 0.0, 0.0, 0.0, 0.0, 0.0, 0.0, 0.1, 80.1, 0.1, 0.0, 37.0, 28.0, 6442.0, 0.05, -70.0]
21:13:23.433 : Generated Params : [250.0, 0.0, 0.0, 1.0, -96.0, 0.0, 0.0, 0.0, 0.0, 0.0, 0.0, 0.0, 0.0, 0.0, 0.0, 0.0, 0.1, 98.1, 0.1, 0.0, 38.0, -92.0, 1686.0, 0.05, -70.0]
21:13:27.241 : Generated Params : [130.0, 0.0, 0.0, 1.0, 27.0, 0.0, 0.0, 0.0, 0.0, 0.0, 0.0, 0.0, 0.0, 0.0, 0.0, 0.0, 0.1, 62.1, 0.1, 0.0, 20.0, -79.0, 1144.0, 0.05, -70.0]
21:13:31.026 : Generated Params : [480.0, 0.0, 0.0, 1.0, 86.0, 0.0, 0.0, 0.0, 0.0, 0.0, 0.0, 0.0, 0.0, 0.0, 0.0, 0.0, 0.1, 98.1, 0.1, 0.0, 92.0, 75.0, 2496.0, 0.05, -70.0]
21:13:34.875 : Generated Params : [410.0, 0.0, 0.0, 1.0, 98.0, 0.0, 0.0, 0.0, 0.0, 0.0, 0.0, 0.0, 0.0, 0.0, 0.0, 0.0, 0.1, 40.1, 0.1, 0.0, 82.0, -87.0, 3284.0, 0.05, -70.0]
21:13:39.189 : Generated Params : [320.0, 0.0, 0.0, 1.0, 64.0, 0.0, 0.0, 0.0, 0.0, 0.0, 0.0, 0.0, 0.0, 0.0, 0.0, 0.0, 0.1, 98.1, 0.1, 0.0, 40.0, -29.0, 5465.0, 0.05, -70.0]
21:13:42.999 : Generated Params : [440.0, 0.0, 0.0, 1.0, 68.0, 0.0, 0.0, 0.0, 0.0, 0.0, 0.0, 0.0, 0.0, 0.0, 0.0, 0.0, 0.1, 100.1, 0.1, 0.0, 59.0, -36.0, 3166.0, 0.05, -70.0]
21:13:46.881 : Generated Params : [250.0, 0.0, 0.0, 1.0, 79.0, 0.0, 0.0, 0.0, 0.0, 0.0, 0.0, 0.0, 0.0, 0.0, 0.0, 0.0, 0.1, 97.1, 0.1, 0.0, 24.0, -37.0, 1677.0, 0.05, -70.0]
21:13:51.197 : Generated Params : [480.0, 0.0, 0.0, 1.0, -29.0, 0.0, 0.0, 0.0, 0.0, 0.0, 0.0, 0.0, 0.0, 0.0, 0.0, 0.0, 0.1, 70.1, 0.1, 0.0, 44.0, 31.0, 3261.0, 0.05, -70.0]
21:13:55.003 : Generated Params : [420.0, 0.0, 0.0, 1.0, -79.0, 0.0, 0.0, 0.0, 0.0, 0.0, 0.0, 0.0, 0.0, 0.0, 0.0, 0.0, 0.1, 97.1, 0.1, 0.0, 15.0, -94.0, 242.0, 0.05, -70.0]
21:13:58.825 : Generated Params : [500.0, 0.0, 0.0, 1.0, 100.0, 0.0, 0.0, 0.0, 0.0, 0.0, 0.0, 0.0, 0.0, 0.0, 0.0, 0.0, 0.1, 64.1, 0.1, 0.0, 24.0, -59.0, 5620.0, 0.05, -70.0]
21:14:03.149 : Generated Params : [290.0, 0.0, 0.0, 1.0, 73.0, 0.0, 0.0, 0.0, 0.0, 0.0, 0.0, 0.0, 0.0, 0.0, 0.0, 0.0, 0.1, 88.1, 0.1, 0.0, 14.0, -24.0, 7693.0, 0.05, -70.0]
21:14:07.000 : Generated Params : [80.0, 0.0, 0.0, 1.0, 33.0, 0.0, 0.0, 0.0, 0.0, 0.0, 0.0, 0.0, 0.0, 0.0, 0.0, 0.0, 0.1, 54.1, 0.1, 0.0, 14.0, -12.0, 1864.0, 0.05, -70.0]
21:14:11.335 : Generated Params : [350.0, 0.0, 0.0, 1.0, -65.0, 0.0, 0.0, 0.0, 0.0, 0.0, 0.0, 0.0, 0.0, 0.0, 0.0, 0.0, 0.1, 100.1, 0.1, 0.0, 63.0, -43.0, 6576.0, 0.05, -70.0]
21:14:15.494 : Generated Params : [450.0, 0.0, 0.0, 1.0, 53.0, 0.0, 0.0, 0.0, 0.0, 0.0, 0.0, 0.0, 0.0, 0.0, 0.0, 0.0, 0.1, 82.1, 0.1, 0.0, 72.0, -36.0, 8701.0, 0.05, -70.0]
21:14:19.364 : Generated Params : [280.0, 0.0, 0.0, 1.0, -59.0, 0.0, 0.0, 0.0, 0.0, 0.0, 0.0, 0.0, 0.0, 0.0, 0.0, 0.0, 0.1, 90.1, 0.1, 0.0, 20.0, -65.0, 4003.0, 0.05, -70.0]
21:14:32.389 : ------------------------------------------------------------
21:14:32.389 : Loop #17
21:16:07.137 : Generated Params : [60.0, 0.0, 0.0, 1.0, -56.0, 0.0, 0.0, 0.0, 0.0, 0.0, 0.0, 0.0, 0.0, 0.0, 0.0, 0.0, 0.1, 78.1, 0.1, 0.0, 44.0, -42.0, 3324.0, 0.05, -70.0]
21:16:11.056 : Generated Params : [380.0, 0.0, 0.0, 1.0, 40.0, 0.0, 0.0, 0.0, 0.0, 0.0, 0.0, 0.0, 0.0, 0.0, 0.0, 0.0, 0.1, 96.1, 0.1, 0.0, 35.0, 66.0, 2124.0, 0.05, -70.0]
21:16:15.038 : Generated Params : [40.0, 0.0, 0.0, 1.0, 18.0, 0.0, 0.0, 0.0, 0.0, 0.0, 0.0, 0.0, 0.0, 0.0, 0.0, 0.0, 0.1, 93.1, 0.1, 0.0, 32.0, -98.0, 7276.0, 0.05, -70.0]
21:16:19.266 : Generated Params : [130.0, 0.0, 0.0, 1.0, -4.0, 0.0, 0.0, 0.0, 0.0, 0.0, 0.0, 0.0, 0.0, 0.0, 0.0, 0.0, 0.1, 92.1, 0.1, 0.0, 37.0, -2.0, 6669.0, 0.05, -70.0]
21:16:24.087 : Generated Params : [500.0, 0.0, 0.0, 1.0, 84.0, 0.0, 0.0, 0.0, 0.0, 0.0, 0.0, 0.0, 0.0, 0.0, 0.0, 0.0, 0.1, 87.1, 0.1, 0.0, 24.0, -75.0, 6630.0, 0.05, -70.0]
21:16:27.888 : Generated Params : [280.0, 0.0, 0.0, 1.0, -79.0, 0.0, 0.0, 0.0, 0.0, 0.0, 0.0, 0.0, 0.0, 0.0, 0.0, 0.0, 0.1, 80.1, 0.1, 0.0, 59.0, -25.0, 8852.0, 0.05, -70.0]
21:16:32.357 : Generated Params : [220.0, 0.0, 0.0, 1.0, 58.0, 0.0, 0.0, 0.0, 0.0, 0.0, 0.0, 0.0, 0.0, 0.0, 0.0, 0.0, 0.1, 82.1, 0.1, 0.0, 44.0, 38.0, 7306.0, 0.05, -70.0]
21:16:36.225 : Generated Params : [410.0, 0.0, 0.0, 1.0, -97.0, 0.0, 0.0, 0.0, 0.0, 0.0, 0.0, 0.0, 0.0, 0.0, 0.0, 0.0, 0.1, 90.1, 0.1, 0.0, 3.0, -26.0, 9881.0, 0.05, -70.0]
21:16:40.053 : Generated Params : [310.0, 0.0, 0.0, 1.0, 14.0, 0.0, 0.0, 0.0, 0.0, 0.0, 0.0, 0.0, 0.0, 0.0, 0.0, 0.0, 0.1, 88.1, 0.1, 0.0, 35.0, -29.0, 5420.0, 0.05, -70.0]
21:16:43.884 : Generated Params : [480.0, 0.0, 0.0, 1.0, -85.0, 0.0, 0.0, 0.0, 0.0, 0.0, 0.0, 0.0, 0.0, 0.0, 0.0, 0.0, 0.1, 73.1, 0.1, 0.0, 40.0, -59.0, 6658.0, 0.05, -70.0]
21:16:48.579 : Generated Params : [150.0, 0.0, 0.0, 1.0, 54.0, 0.0, 0.0, 0.0, 0.0, 0.0, 0.0, 0.0, 0.0, 0.0, 0.0, 0.0, 0.1, 66.1, 0.1, 0.0, 86.0, -84.0, 8859.0, 0.05, -70.0]
21:16:52.963 : Generated Params : [480.0, 0.0, 0.0, 1.0, -47.0, 0.0, 0.0, 0.0, 0.0, 0.0, 0.0, 0.0, 0.0, 0.0, 0.0, 0.0, 0.1, 86.1, 0.1, 0.0, 63.0, -89.0, 4836.0, 0.05, -70.0]
21:16:57.331 : Generated Params : [280.0, 0.0, 0.0, 1.0, 75.0, 0.0, 0.0, 0.0, 0.0, 0.0, 0.0, 0.0, 0.0, 0.0, 0.0, 0.0, 0.1, 68.1, 0.1, 0.0, 63.0, 84.0, 5491.0, 0.05, -70.0]
21:17:02.259 : Generated Params : [380.0, 0.0, 0.0, 1.0, 78.0, 0.0, 0.0, 0.0, 0.0, 0.0, 0.0, 0.0, 0.0, 0.0, 0.0, 0.0, 0.1, 83.1, 0.1, 0.0, 11.0, 47.0, 4768.0, 0.05, -70.0]
21:17:06.118 : Generated Params : [110.0, 0.0, 0.0, 1.0, -53.0, 0.0, 0.0, 0.0, 0.0, 0.0, 0.0, 0.0, 0.0, 0.0, 0.0, 0.0, 0.1, 71.1, 0.1, 0.0, 92.0, 28.0, 2054.0, 0.05, -70.0]
21:17:09.956 : Generated Params : [350.0, 0.0, 0.0, 1.0, -43.0, 0.0, 0.0, 0.0, 0.0, 0.0, 0.0, 0.0, 0.0, 0.0, 0.0, 0.0, 0.1, 90.1, 0.1, 0.0, 30.0, 76.0, 9568.0, 0.05, -70.0]
21:17:14.642 : Generated Params : [420.0, 0.0, 0.0, 1.0, -71.0, 0.0, 0.0, 0.0, 0.0, 0.0, 0.0, 0.0, 0.0, 0.0, 0.0, 0.0, 0.1, 93.1, 0.1, 0.0, 26.0, -85.0, 1694.0, 0.05, -70.0]
21:17:18.908 : Generated Params : [320.0, 0.0, 0.0, 1.0, 90.0, 0.0, 0.0, 0.0, 0.0, 0.0, 0.0, 0.0, 0.0, 0.0, 0.0, 0.0, 0.1, 99.1, 0.1, 0.0, 49.0, 76.0, 2507.0, 0.05, -70.0]
21:17:23.255 : Generated Params : [380.0, 0.0, 0.0, 1.0, 8.0, 0.0, 0.0, 0.0, 0.0, 0.0, 0.0, 0.0, 0.0, 0.0, 0.0, 0.0, 0.1, 76.1, 0.1, 0.0, 35.0, -30.0, 3037.0, 0.05, -70.0]
21:17:27.967 : ------------------------------------------------------------
21:17:27.967 : Loop #18
21:19:03.932 : Generated Params : [380.0, 0.0, 0.0, 1.0, 87.0, 0.0, 0.0, 0.0, 0.0, 0.0, 0.0, 0.0, 0.0, 0.0, 0.0, 0.0, 0.1, 99.1, 0.1, 0.0, 20.0, -31.0, 8902.0, 0.05, -70.0]
21:19:08.340 : Generated Params : [130.0, 0.0, 0.0, 1.0, 12.0, 0.0, 0.0, 0.0, 0.0, 0.0, 0.0, 0.0, 0.0, 0.0, 0.0, 0.0, 0.1, 89.1, 0.1, 0.0, 8.0, 47.0, 5492.0, 0.05, -70.0]
21:19:13.400 : Generated Params : [190.0, 0.0, 0.0, 1.0, 73.0, 0.0, 0.0, 0.0, 0.0, 0.0, 0.0, 0.0, 0.0, 0.0, 0.0, 0.0, 0.1, 81.1, 0.1, 0.0, 8.0, 86.0, 3408.0, 0.05, -70.0]
21:19:17.263 : Generated Params : [240.0, 0.0, 0.0, 1.0, -24.0, 0.0, 0.0, 0.0, 0.0, 0.0, 0.0, 0.0, 0.0, 0.0, 0.0, 0.0, 0.1, 94.1, 0.1, 0.0, 90.0, -1.0, 2434.0, 0.05, -70.0]
21:19:21.178 : Generated Params : [240.0, 0.0, 0.0, 1.0, 46.0, 0.0, 0.0, 0.0, 0.0, 0.0, 0.0, 0.0, 0.0, 0.0, 0.0, 0.0, 0.1, 32.1, 0.1, 0.0, 44.0, -39.0, 1600.0, 0.05, -70.0]
21:19:25.457 : Generated Params : [470.0, 0.0, 0.0, 1.0, 73.0, 0.0, 0.0, 0.0, 0.0, 0.0, 0.0, 0.0, 0.0, 0.0, 0.0, 0.0, 0.1, 94.1, 0.1, 0.0, 65.0, 56.0, 1021.0, 0.05, -70.0]
21:19:29.485 : Generated Params : [260.0, 0.0, 0.0, 1.0, -18.0, 0.0, 0.0, 0.0, 0.0, 0.0, 0.0, 0.0, 0.0, 0.0, 0.0, 0.0, 0.1, 93.1, 0.1, 0.0, 74.0, 85.0, 4973.0, 0.05, -70.0]
21:19:33.569 : Generated Params : [370.0, 0.0, 0.0, 1.0, 63.0, 0.0, 0.0, 0.0, 0.0, 0.0, 0.0, 0.0, 0.0, 0.0, 0.0, 0.0, 0.1, 99.1, 0.1, 0.0, 50.0, -13.0, 7496.0, 0.05, -70.0]
21:19:39.279 : Generated Params : [410.0, 0.0, 0.0, 1.0, 97.0, 0.0, 0.0, 0.0, 0.0, 0.0, 0.0, 0.0, 0.0, 0.0, 0.0, 0.0, 0.1, 68.1, 0.1, 0.0, 26.0, -32.0, 2857.0, 0.05, -70.0]
21:20:22.584 : ------------------------------------------------------------
21:20:22.584 : Loop #19
21:21:59.498 : Generated Params : [190.0, 0.0, 0.0, 1.0, 11.0, 0.0, 0.0, 0.0, 0.0, 0.0, 0.0, 0.0, 0.0, 0.0, 0.0, 0.0, 0.1, 90.1, 0.1, 0.0, 87.0, 85.0, 8320.0, 0.05, -70.0]
21:22:04.651 : Generated Params : [500.0, 0.0, 0.0, 1.0, -97.0, 0.0, 0.0, 0.0, 0.0, 0.0, 0.0, 0.0, 0.0, 0.0, 0.0, 0.0, 0.1, 40.1, 0.1, 0.0, 62.0, 16.0, 7147.0, 0.05, -70.0]
21:22:09.140 : Generated Params : [440.0, 0.0, 0.0, 1.0, 48.0, 0.0, 0.0, 0.0, 0.0, 0.0, 0.0, 0.0, 0.0, 0.0, 0.0, 0.0, 0.1, 100.1, 0.1, 0.0, 6.0, -12.0, 213.0, 0.05, -70.0]
21:22:13.050 : Generated Params : [290.0, 0.0, 0.0, 1.0, 55.0, 0.0, 0.0, 0.0, 0.0, 0.0, 0.0, 0.0, 0.0, 0.0, 0.0, 0.0, 0.1, 80.1, 0.1, 0.0, 44.0, -14.0, 8623.0, 0.05, -70.0]
21:22:16.977 : Generated Params : [190.0, 0.0, 0.0, 1.0, 53.0, 0.0, 0.0, 0.0, 0.0, 0.0, 0.0, 0.0, 0.0, 0.0, 0.0, 0.0, 0.1, 90.1, 0.1, 0.0, 46.0, -26.0, 9055.0, 0.05, -70.0]
21:22:21.370 : Generated Params : [480.0, 0.0, 0.0, 1.0, -49.0, 0.0, 0.0, 0.0, 0.0, 0.0, 0.0, 0.0, 0.0, 0.0, 0.0, 0.0, 0.1, 51.1, 0.1, 0.0, 26.0, 75.0, 2992.0, 0.05, -70.0]
21:22:25.274 : Generated Params : [440.0, 0.0, 0.0, 1.0, 11.0, 0.0, 0.0, 0.0, 0.0, 0.0, 0.0, 0.0, 0.0, 0.0, 0.0, 0.0, 0.1, 74.1, 0.1, 0.0, 69.0, -55.0, 5484.0, 0.05, -70.0]
21:22:29.570 : Generated Params : [150.0, 0.0, 0.0, 1.0, 39.0, 0.0, 0.0, 0.0, 0.0, 0.0, 0.0, 0.0, 0.0, 0.0, 0.0, 0.0, 0.1, 93.1, 0.1, 0.0, 74.0, 88.0, 842.0, 0.05, -70.0]
21:22:33.473 : Generated Params : [280.0, 0.0, 0.0, 1.0, 63.0, 0.0, 0.0, 0.0, 0.0, 0.0, 0.0, 0.0, 0.0, 0.0, 0.0, 0.0, 0.1, 96.1, 0.1, 0.0, 17.0, -99.0, 3762.0, 0.05, -70.0]
21:22:37.358 : Generated Params : [380.0, 0.0, 0.0, 1.0, -43.0, 0.0, 0.0, 0.0, 0.0, 0.0, 0.0, 0.0, 0.0, 0.0, 0.0, 0.0, 0.1, 89.1, 0.1, 0.0, 32.0, 75.0, 9525.0, 0.05, -70.0]
21:22:41.326 : Generated Params : [370.0, 0.0, 0.0, 1.0, 38.0, 0.0, 0.0, 0.0, 0.0, 0.0, 0.0, 0.0, 0.0, 0.0, 0.0, 0.0, 0.1, 98.1, 0.1, 0.0, 14.0, -18.0, 2622.0, 0.05, -70.0]
21:22:45.215 : Generated Params : [310.0, 0.0, 0.0, 1.0, -50.0, 0.0, 0.0, 0.0, 0.0, 0.0, 0.0, 0.0, 0.0, 0.0, 0.0, 0.0, 0.1, 87.1, 0.1, 0.0, 27.0, -2.0, 8264.0, 0.05, -70.0]
21:22:49.147 : Generated Params : [260.0, 0.0, 0.0, 1.0, 100.0, 0.0, 0.0, 0.0, 0.0, 0.0, 0.0, 0.0, 0.0, 0.0, 0.0, 0.0, 0.1, 99.1, 0.1, 0.0, 24.0, -52.0, 4849.0, 0.05, -70.0]
21:22:53.739 : Generated Params : [480.0, 0.0, 0.0, 1.0, 99.0, 0.0, 0.0, 0.0, 0.0, 0.0, 0.0, 0.0, 0.0, 0.0, 0.0, 0.0, 0.1, 91.1, 0.1, 0.0, 23.0, 98.0, 5617.0, 0.05, -70.0]
21:22:58.233 : Generated Params : [10.0, 0.0, 0.0, 1.0, 0.0, 0.0, 0.0, 0.0, 0.0, 0.0, 0.0, 0.0, 0.0, 0.0, 0.0, 0.0, 0.1, 84.1, 0.1, 0.0, 58.0, 29.0, 611.0, 0.05, -70.0]
21:23:02.154 : Generated Params : [160.0, 0.0, 0.0, 1.0, -24.0, 0.0, 0.0, 0.0, 0.0, 0.0, 0.0, 0.0, 0.0, 0.0, 0.0, 0.0, 0.1, 89.1, 0.1, 0.0, 93.0, -13.0, 2580.0, 0.05, -70.0]
21:23:06.053 : Generated Params : [380.0, 0.0, 0.0, 1.0, 66.0, 0.0, 0.0, 0.0, 0.0, 0.0, 0.0, 0.0, 0.0, 0.0, 0.0, 0.0, 0.1, 99.1, 0.1, 0.0, 58.0, -17.0, 6414.0, 0.05, -70.0]
21:23:12.557 : ------------------------------------------------------------
21:23:12.557 : Loop #20
21:24:48.248 : Generated Params : [150.0, 0.0, 0.0, 1.0, 20.0, 0.0, 0.0, 0.0, 0.0, 0.0, 0.0, 0.0, 0.0, 0.0, 0.0, 0.0, 0.1, 74.1, 0.1, 0.0, 30.0, -81.0, 2656.0, 0.05, -70.0]
21:24:52.102 : Generated Params : [260.0, 0.0, 0.0, 1.0, 97.0, 0.0, 0.0, 0.0, 0.0, 0.0, 0.0, 0.0, 0.0, 0.0, 0.0, 0.0, 0.1, 100.1, 0.1, 0.0, 76.0, 62.0, 6605.0, 0.05, -70.0]
21:24:55.916 : Generated Params : [150.0, 0.0, 0.0, 1.0, 1.0, 0.0, 0.0, 0.0, 0.0, 0.0, 0.0, 0.0, 0.0, 0.0, 0.0, 0.0, 0.1, 82.1, 0.1, 0.0, 67.0, 65.0, 9934.0, 0.05, -70.0]
21:25:00.254 : Generated Params : [240.0, 0.0, 0.0, 1.0, 68.0, 0.0, 0.0, 0.0, 0.0, 0.0, 0.0, 0.0, 0.0, 0.0, 0.0, 0.0, 0.1, 62.1, 0.1, 0.0, 18.0, -52.0, 2109.0, 0.05, -70.0]
21:25:04.063 : Generated Params : [380.0, 0.0, 0.0, 1.0, 4.0, 0.0, 0.0, 0.0, 0.0, 0.0, 0.0, 0.0, 0.0, 0.0, 0.0, 0.0, 0.1, 66.1, 0.1, 0.0, 38.0, 41.0, 3660.0, 0.05, -70.0]
21:25:07.888 : Generated Params : [280.0, 0.0, 0.0, 1.0, 75.0, 0.0, 0.0, 0.0, 0.0, 0.0, 0.0, 0.0, 0.0, 0.0, 0.0, 0.0, 0.1, 51.1, 0.1, 0.0, 53.0, 26.0, 8128.0, 0.05, -70.0]
21:25:12.228 : Generated Params : [290.0, 0.0, 0.0, 1.0, -62.0, 0.0, 0.0, 0.0, 0.0, 0.0, 0.0, 0.0, 0.0, 0.0, 0.0, 0.0, 0.1, 63.1, 0.1, 0.0, 99.0, -11.0, 1665.0, 0.05, -70.0]
21:25:16.108 : Generated Params : [410.0, 0.0, 0.0, 1.0, 79.0, 0.0, 0.0, 0.0, 0.0, 0.0, 0.0, 0.0, 0.0, 0.0, 0.0, 0.0, 0.1, 51.1, 0.1, 0.0, 57.0, 93.0, 8946.0, 0.05, -70.0]
21:25:19.964 : Generated Params : [480.0, 0.0, 0.0, 1.0, -11.0, 0.0, 0.0, 0.0, 0.0, 0.0, 0.0, 0.0, 0.0, 0.0, 0.0, 0.0, 0.1, 87.1, 0.1, 0.0, 35.0, 97.0, 7183.0, 0.05, -70.0]
21:25:24.303 : Generated Params : [190.0, 0.0, 0.0, 1.0, 38.0, 0.0, 0.0, 0.0, 0.0, 0.0, 0.0, 0.0, 0.0, 0.0, 0.0, 0.0, 0.1, 96.1, 0.1, 0.0, 50.0, -6.0, 3795.0, 0.05, -70.0]
21:25:28.152 : Generated Params : [440.0, 0.0, 0.0, 1.0, -6.0, 0.0, 0.0, 0.0, 0.0, 0.0, 0.0, 0.0, 0.0, 0.0, 0.0, 0.0, 0.1, 100.1, 0.1, 0.0, 74.0, 26.0, 9895.0, 0.05, -70.0]
21:25:31.999 : Generated Params : [380.0, 0.0, 0.0, 1.0, 42.0, 0.0, 0.0, 0.0, 0.0, 0.0, 0.0, 0.0, 0.0, 0.0, 0.0, 0.0, 0.1, 93.1, 0.1, 0.0, 2.0, -32.0, 9977.0, 0.05, -70.0]
21:25:36.569 : Generated Params : [250.0, 0.0, 0.0, 1.0, 1.0, 0.0, 0.0, 0.0, 0.0, 0.0, 0.0, 0.0, 0.0, 0.0, 0.0, 0.0, 0.1, 47.1, 0.1, 0.0, 68.0, -43.0, 4883.0, 0.05, -70.0]
21:25:40.902 : Generated Params : [80.0, 0.0, 0.0, 1.0, -10.0, 0.0, 0.0, 0.0, 0.0, 0.0, 0.0, 0.0, 0.0, 0.0, 0.0, 0.0, 0.1, 96.1, 0.1, 0.0, 57.0, 67.0, 330.0, 0.05, -70.0]
21:25:45.557 : Generated Params : [310.0, 0.0, 0.0, 1.0, -7.0, 0.0, 0.0, 0.0, 0.0, 0.0, 0.0, 0.0, 0.0, 0.0, 0.0, 0.0, 0.1, 64.1, 0.1, 0.0, 8.0, 39.0, 3256.0, 0.05, -70.0]
21:25:49.791 : Generated Params : [410.0, 0.0, 0.0, 1.0, 11.0, 0.0, 0.0, 0.0, 0.0, 0.0, 0.0, 0.0, 0.0, 0.0, 0.0, 0.0, 0.1, 26.1, 0.1, 0.0, 88.0, -48.0, 3227.0, 0.05, -70.0]
21:25:54.081 : Generated Params : [250.0, 0.0, 0.0, 1.0, -35.0, 0.0, 0.0, 0.0, 0.0, 0.0, 0.0, 0.0, 0.0, 0.0, 0.0, 0.0, 0.1, 100.1, 0.1, 0.0, 14.0, 84.0, 4312.0, 0.05, -70.0]
21:25:58.904 : Generated Params : [250.0, 0.0, 0.0, 1.0, 88.0, 0.0, 0.0, 0.0, 0.0, 0.0, 0.0, 0.0, 0.0, 0.0, 0.0, 0.0, 0.1, 88.1, 0.1, 0.0, 8.0, 80.0, 9441.0, 0.05, -70.0]
21:26:06.807 : ------------------------------------------------------------
21:26:06.808 : Loop #21
21:27:42.963 : Generated Params : [160.0, 0.0, 0.0, 1.0, 95.0, 0.0, 0.0, 0.0, 0.0, 0.0, 0.0, 0.0, 0.0, 0.0, 0.0, 0.0, 0.1, 72.1, 0.1, 0.0, 80.0, -89.0, 3627.0, 0.05, -70.0]
21:27:47.927 : Generated Params : [110.0, 0.0, 0.0, 1.0, 100.0, 0.0, 0.0, 0.0, 0.0, 0.0, 0.0, 0.0, 0.0, 0.0, 0.0, 0.0, 0.1, 71.1, 0.1, 0.0, 80.0, -50.0, 5081.0, 0.05, -70.0]
21:27:52.258 : Generated Params : [20.0, 0.0, 0.0, 1.0, 11.0, 0.0, 0.0, 0.0, 0.0, 0.0, 0.0, 0.0, 0.0, 0.0, 0.0, 0.0, 0.1, 92.1, 0.1, 0.0, 17.0, -59.0, 8002.0, 0.05, -70.0]
21:27:57.070 : Generated Params : [480.0, 0.0, 0.0, 1.0, 42.0, 0.0, 0.0, 0.0, 0.0, 0.0, 0.0, 0.0, 0.0, 0.0, 0.0, 0.0, 0.1, 89.1, 0.1, 0.0, 81.0, -55.0, 8501.0, 0.05, -70.0]
21:28:00.872 : Generated Params : [470.0, 0.0, 0.0, 1.0, 89.0, 0.0, 0.0, 0.0, 0.0, 0.0, 0.0, 0.0, 0.0, 0.0, 0.0, 0.0, 0.1, 92.1, 0.1, 0.0, 63.0, -50.0, 6777.0, 0.05, -70.0]
21:28:05.326 : Generated Params : [280.0, 0.0, 0.0, 1.0, 83.0, 0.0, 0.0, 0.0, 0.0, 0.0, 0.0, 0.0, 0.0, 0.0, 0.0, 0.0, 0.1, 98.1, 0.1, 0.0, 100.0, -6.0, 8620.0, 0.05, -70.0]
21:28:09.286 : Generated Params : [290.0, 0.0, 0.0, 1.0, 39.0, 0.0, 0.0, 0.0, 0.0, 0.0, 0.0, 0.0, 0.0, 0.0, 0.0, 0.0, 0.1, 98.1, 0.1, 0.0, 35.0, -55.0, 565.0, 0.05, -70.0]
21:28:13.102 : Generated Params : [450.0, 0.0, 0.0, 1.0, 75.0, 0.0, 0.0, 0.0, 0.0, 0.0, 0.0, 0.0, 0.0, 0.0, 0.0, 0.0, 0.1, 90.1, 0.1, 0.0, 24.0, -37.0, 6788.0, 0.05, -70.0]
21:28:16.918 : Generated Params : [470.0, 0.0, 0.0, 1.0, 6.0, 0.0, 0.0, 0.0, 0.0, 0.0, 0.0, 0.0, 0.0, 0.0, 0.0, 0.0, 0.1, 100.1, 0.1, 0.0, 53.0, 70.0, 6216.0, 0.05, -70.0]
21:28:21.750 : Generated Params : [110.0, 0.0, 0.0, 1.0, 55.0, 0.0, 0.0, 0.0, 0.0, 0.0, 0.0, 0.0, 0.0, 0.0, 0.0, 0.0, 0.1, 89.1, 0.1, 0.0, 61.0, -5.0, 5918.0, 0.05, -70.0]
21:28:26.042 : Generated Params : [410.0, 0.0, 0.0, 1.0, 89.0, 0.0, 0.0, 0.0, 0.0, 0.0, 0.0, 0.0, 0.0, 0.0, 0.0, 0.0, 0.1, 63.1, 0.1, 0.0, 98.0, -41.0, 694.0, 0.05, -70.0]
21:28:30.863 : Generated Params : [420.0, 0.0, 0.0, 1.0, 4.0, 0.0, 0.0, 0.0, 0.0, 0.0, 0.0, 0.0, 0.0, 0.0, 0.0, 0.0, 0.1, 91.1, 0.1, 0.0, 47.0, 100.0, 9582.0, 0.05, -70.0]
21:28:35.255 : Generated Params : [30.0, 0.0, 0.0, 1.0, 93.0, 0.0, 0.0, 0.0, 0.0, 0.0, 0.0, 0.0, 0.0, 0.0, 0.0, 0.0, 0.1, 63.1, 0.1, 0.0, 72.0, -97.0, 940.0, 0.05, -70.0]
21:28:39.138 : Generated Params : [60.0, 0.0, 0.0, 1.0, 78.0, 0.0, 0.0, 0.0, 0.0, 0.0, 0.0, 0.0, 0.0, 0.0, 0.0, 0.0, 0.1, 61.1, 0.1, 0.0, 50.0, -17.0, 1362.0, 0.05, -70.0]
21:28:43.069 : Generated Params : [470.0, 0.0, 0.0, 1.0, -13.0, 0.0, 0.0, 0.0, 0.0, 0.0, 0.0, 0.0, 0.0, 0.0, 0.0, 0.0, 0.1, 96.1, 0.1, 0.0, 2.0, 40.0, 9551.0, 0.05, -70.0]
21:28:46.899 : Generated Params : [150.0, 0.0, 0.0, 1.0, 36.0, 0.0, 0.0, 0.0, 0.0, 0.0, 0.0, 0.0, 0.0, 0.0, 0.0, 0.0, 0.1, 98.1, 0.1, 0.0, 41.0, -92.0, 8354.0, 0.05, -70.0]
21:28:51.632 : Generated Params : [120.0, 0.0, 0.0, 1.0, 1.0, 0.0, 0.0, 0.0, 0.0, 0.0, 0.0, 0.0, 0.0, 0.0, 0.0, 0.0, 0.1, 100.1, 0.1, 0.0, 20.0, -82.0, 2683.0, 0.05, -70.0]
21:28:55.938 : Generated Params : [500.0, 0.0, 0.0, 1.0, 79.0, 0.0, 0.0, 0.0, 0.0, 0.0, 0.0, 0.0, 0.0, 0.0, 0.0, 0.0, 0.1, 92.1, 0.1, 0.0, 98.0, 18.0, 2209.0, 0.05, -70.0]
21:29:03.898 : ------------------------------------------------------------
21:29:03.898 : Loop #22
21:30:38.999 : Generated Params : [350.0, 0.0, 0.0, 1.0, 30.0, 0.0, 0.0, 0.0, 0.0, 0.0, 0.0, 0.0, 0.0, 0.0, 0.0, 0.0, 0.1, 62.1, 0.1, 0.0, 86.0, 43.0, 3561.0, 0.05, -70.0]
21:30:42.937 : Generated Params : [380.0, 0.0, 0.0, 1.0, -37.0, 0.0, 0.0, 0.0, 0.0, 0.0, 0.0, 0.0, 0.0, 0.0, 0.0, 0.0, 0.1, 83.1, 0.1, 0.0, 47.0, -13.0, 9195.0, 0.05, -70.0]
21:30:47.319 : Generated Params : [410.0, 0.0, 0.0, 1.0, 25.0, 0.0, 0.0, 0.0, 0.0, 0.0, 0.0, 0.0, 0.0, 0.0, 0.0, 0.0, 0.1, 79.1, 0.1, 0.0, 41.0, 43.0, 878.0, 0.05, -70.0]
21:30:51.153 : Generated Params : [290.0, 0.0, 0.0, 1.0, 66.0, 0.0, 0.0, 0.0, 0.0, 0.0, 0.0, 0.0, 0.0, 0.0, 0.0, 0.0, 0.1, 100.1, 0.1, 0.0, 24.0, 9.0, 8767.0, 0.05, -70.0]
21:30:54.992 : Generated Params : [470.0, 0.0, 0.0, 1.0, 16.0, 0.0, 0.0, 0.0, 0.0, 0.0, 0.0, 0.0, 0.0, 0.0, 0.0, 0.0, 0.1, 81.1, 0.1, 0.0, 5.0, 13.0, 4692.0, 0.05, -70.0]
21:30:59.327 : Generated Params : [10.0, 0.0, 0.0, 1.0, 66.0, 0.0, 0.0, 0.0, 0.0, 0.0, 0.0, 0.0, 0.0, 0.0, 0.0, 0.0, 0.1, 78.1, 0.1, 0.0, 9.0, 86.0, 8900.0, 0.05, -70.0]
21:31:03.160 : Generated Params : [370.0, 0.0, 0.0, 1.0, 31.0, 0.0, 0.0, 0.0, 0.0, 0.0, 0.0, 0.0, 0.0, 0.0, 0.0, 0.0, 0.1, 70.1, 0.1, 0.0, 17.0, -99.0, 8890.0, 0.05, -70.0]
21:31:07.006 : Generated Params : [120.0, 0.0, 0.0, 1.0, 20.0, 0.0, 0.0, 0.0, 0.0, 0.0, 0.0, 0.0, 0.0, 0.0, 0.0, 0.0, 0.1, 96.1, 0.1, 0.0, 21.0, 18.0, 484.0, 0.05, -70.0]
21:31:10.822 : Generated Params : [380.0, 0.0, 0.0, 1.0, 86.0, 0.0, 0.0, 0.0, 0.0, 0.0, 0.0, 0.0, 0.0, 0.0, 0.0, 0.0, 0.1, 100.1, 0.1, 0.0, 20.0, -84.0, 5207.0, 0.05, -70.0]
21:31:15.602 : Generated Params : [350.0, 0.0, 0.0, 1.0, -11.0, 0.0, 0.0, 0.0, 0.0, 0.0, 0.0, 0.0, 0.0, 0.0, 0.0, 0.0, 0.1, 99.1, 0.1, 0.0, 86.0, 63.0, 6651.0, 0.05, -70.0]
21:31:20.048 : Generated Params : [450.0, 0.0, 0.0, 1.0, 51.0, 0.0, 0.0, 0.0, 0.0, 0.0, 0.0, 0.0, 0.0, 0.0, 0.0, 0.0, 0.1, 91.1, 0.1, 0.0, 88.0, -14.0, 6235.0, 0.05, -70.0]
21:31:24.973 : Generated Params : [440.0, 0.0, 0.0, 1.0, 98.0, 0.0, 0.0, 0.0, 0.0, 0.0, 0.0, 0.0, 0.0, 0.0, 0.0, 0.0, 0.1, 92.1, 0.1, 0.0, 17.0, -88.0, 1144.0, 0.05, -70.0]
21:31:29.478 : Generated Params : [380.0, 0.0, 0.0, 1.0, 93.0, 0.0, 0.0, 0.0, 0.0, 0.0, 0.0, 0.0, 0.0, 0.0, 0.0, 0.0, 0.1, 42.1, 0.1, 0.0, 91.0, -8.0, 1388.0, 0.05, -70.0]
21:31:33.718 : Generated Params : [100.0, 0.0, 0.0, 1.0, 83.0, 0.0, 0.0, 0.0, 0.0, 0.0, 0.0, 0.0, 0.0, 0.0, 0.0, 0.0, 0.1, 69.1, 0.1, 0.0, 20.0, -30.0, 4883.0, 0.05, -70.0]
21:31:39.199 : Generated Params : [310.0, 0.0, 0.0, 1.0, -43.0, 0.0, 0.0, 0.0, 0.0, 0.0, 0.0, 0.0, 0.0, 0.0, 0.0, 0.0, 0.1, 90.1, 0.1, 0.0, 63.0, -50.0, 2126.0, 0.05, -70.0]
21:31:43.198 : Generated Params : [320.0, 0.0, 0.0, 1.0, -41.0, 0.0, 0.0, 0.0, 0.0, 0.0, 0.0, 0.0, 0.0, 0.0, 0.0, 0.0, 0.1, 46.1, 0.1, 0.0, 72.0, 35.0, 307.0, 0.05, -70.0]
21:31:47.264 : Generated Params : [290.0, 0.0, 0.0, 1.0, -12.0, 0.0, 0.0, 0.0, 0.0, 0.0, 0.0, 0.0, 0.0, 0.0, 0.0, 0.0, 0.1, 67.1, 0.1, 0.0, 29.0, -8.0, 9553.0, 0.05, -70.0]
21:31:51.235 : Generated Params : [380.0, 0.0, 0.0, 1.0, 75.0, 0.0, 0.0, 0.0, 0.0, 0.0, 0.0, 0.0, 0.0, 0.0, 0.0, 0.0, 0.1, 99.1, 0.1, 0.0, 5.0, 73.0, 253.0, 0.05, -70.0]
21:31:56.463 : ------------------------------------------------------------
21:31:56.463 : Loop #23
21:33:32.368 : Generated Params : [240.0, 0.0, 0.0, 1.0, -25.0, 0.0, 0.0, 0.0, 0.0, 0.0, 0.0, 0.0, 0.0, 0.0, 0.0, 0.0, 0.1, 76.1, 0.1, 0.0, 5.0, 63.0, 4789.0, 0.05, -70.0]
21:33:36.444 : Generated Params : [320.0, 0.0, 0.0, 1.0, 90.0, 0.0, 0.0, 0.0, 0.0, 0.0, 0.0, 0.0, 0.0, 0.0, 0.0, 0.0, 0.1, 99.1, 0.1, 0.0, 57.0, -29.0, 165.0, 0.05, -70.0]
21:33:40.386 : Generated Params : [380.0, 0.0, 0.0, 1.0, -37.0, 0.0, 0.0, 0.0, 0.0, 0.0, 0.0, 0.0, 0.0, 0.0, 0.0, 0.0, 0.1, 93.1, 0.1, 0.0, 20.0, -68.0, 7657.0, 0.05, -70.0]
21:33:44.365 : Generated Params : [380.0, 0.0, 0.0, 1.0, 96.0, 0.0, 0.0, 0.0, 0.0, 0.0, 0.0, 0.0, 0.0, 0.0, 0.0, 0.0, 0.1, 52.1, 0.1, 0.0, 52.0, 26.0, 9321.0, 0.05, -70.0]
21:33:48.532 : Generated Params : [370.0, 0.0, 0.0, 1.0, 38.0, 0.0, 0.0, 0.0, 0.0, 0.0, 0.0, 0.0, 0.0, 0.0, 0.0, 0.0, 0.1, 94.1, 0.1, 0.0, 80.0, -65.0, 9994.0, 0.05, -70.0]
21:33:52.440 : Generated Params : [440.0, 0.0, 0.0, 1.0, 24.0, 0.0, 0.0, 0.0, 0.0, 0.0, 0.0, 0.0, 0.0, 0.0, 0.0, 0.0, 0.1, 46.1, 0.1, 0.0, 38.0, -79.0, 3130.0, 0.05, -70.0]
21:33:56.480 : Generated Params : [450.0, 0.0, 0.0, 1.0, -4.0, 0.0, 0.0, 0.0, 0.0, 0.0, 0.0, 0.0, 0.0, 0.0, 0.0, 0.0, 0.1, 82.1, 0.1, 0.0, 57.0, -43.0, 2826.0, 0.05, -70.0]
21:34:00.921 : Generated Params : [470.0, 0.0, 0.0, 1.0, 74.0, 0.0, 0.0, 0.0, 0.0, 0.0, 0.0, 0.0, 0.0, 0.0, 0.0, 0.0, 0.1, 89.1, 0.1, 0.0, 9.0, -96.0, 7668.0, 0.05, -70.0]
21:34:05.354 : Generated Params : [160.0, 0.0, 0.0, 1.0, 42.0, 0.0, 0.0, 0.0, 0.0, 0.0, 0.0, 0.0, 0.0, 0.0, 0.0, 0.0, 0.1, 70.1, 0.1, 0.0, 91.0, 62.0, 6590.0, 0.05, -70.0]
21:34:09.293 : Generated Params : [210.0, 0.0, 0.0, 1.0, 50.0, 0.0, 0.0, 0.0, 0.0, 0.0, 0.0, 0.0, 0.0, 0.0, 0.0, 0.0, 0.1, 76.1, 0.1, 0.0, 86.0, 6.0, 3565.0, 0.05, -70.0]
21:34:13.186 : Generated Params : [160.0, 0.0, 0.0, 1.0, 45.0, 0.0, 0.0, 0.0, 0.0, 0.0, 0.0, 0.0, 0.0, 0.0, 0.0, 0.0, 0.1, 72.1, 0.1, 0.0, 87.0, -13.0, 8271.0, 0.05, -70.0]
21:34:17.077 : Generated Params : [180.0, 0.0, 0.0, 1.0, 9.0, 0.0, 0.0, 0.0, 0.0, 0.0, 0.0, 0.0, 0.0, 0.0, 0.0, 0.0, 0.1, 90.1, 0.1, 0.0, 86.0, -16.0, 7428.0, 0.05, -70.0]
21:34:21.031 : Generated Params : [450.0, 0.0, 0.0, 1.0, 27.0, 0.0, 0.0, 0.0, 0.0, 0.0, 0.0, 0.0, 0.0, 0.0, 0.0, 0.0, 0.1, 99.1, 0.1, 0.0, 62.0, -17.0, 7280.0, 0.05, -70.0]
21:34:24.957 : Generated Params : [450.0, 0.0, 0.0, 1.0, -79.0, 0.0, 0.0, 0.0, 0.0, 0.0, 0.0, 0.0, 0.0, 0.0, 0.0, 0.0, 0.1, 61.1, 0.1, 0.0, 21.0, 1.0, 13.0, 0.05, -70.0]
21:34:29.327 : Generated Params : [220.0, 0.0, 0.0, 1.0, -85.0, 0.0, 0.0, 0.0, 0.0, 0.0, 0.0, 0.0, 0.0, 0.0, 0.0, 0.0, 0.1, 100.1, 0.1, 0.0, 17.0, 67.0, 4288.0, 0.05, -70.0]
21:34:33.265 : Generated Params : [150.0, 0.0, 0.0, 1.0, 52.0, 0.0, 0.0, 0.0, 0.0, 0.0, 0.0, 0.0, 0.0, 0.0, 0.0, 0.0, 0.1, 74.1, 0.1, 0.0, 63.0, 2.0, 6529.0, 0.05, -70.0]
21:34:37.155 : Generated Params : [190.0, 0.0, 0.0, 1.0, 75.0, 0.0, 0.0, 0.0, 0.0, 0.0, 0.0, 0.0, 0.0, 0.0, 0.0, 0.0, 0.1, 67.1, 0.1, 0.0, 96.0, -12.0, 1392.0, 0.05, -70.0]
21:34:41.103 : Generated Params : [210.0, 0.0, 0.0, 1.0, -41.0, 0.0, 0.0, 0.0, 0.0, 0.0, 0.0, 0.0, 0.0, 0.0, 0.0, 0.0, 0.1, 100.1, 0.1, 0.0, 14.0, -87.0, 7679.0, 0.05, -70.0]
21:34:49.317 : ------------------------------------------------------------
21:34:49.317 : Loop #24
21:36:32.938 : Generated Params : [450.0, 0.0, 0.0, 1.0, -39.0, 0.0, 0.0, 0.0, 0.0, 0.0, 0.0, 0.0, 0.0, 0.0, 0.0, 0.0, 0.1, 53.1, 0.1, 0.0, 20.0, -74.0, 2467.0, 0.05, -70.0]
21:36:41.840 : Generated Params : [130.0, 0.0, 0.0, 1.0, 39.0, 0.0, 0.0, 0.0, 0.0, 0.0, 0.0, 0.0, 0.0, 0.0, 0.0, 0.0, 0.1, 96.1, 0.1, 0.0, 14.0, -44.0, 6489.0, 0.05, -70.0]
21:36:51.384 : Generated Params : [290.0, 0.0, 0.0, 1.0, -25.0, 0.0, 0.0, 0.0, 0.0, 0.0, 0.0, 0.0, 0.0, 0.0, 0.0, 0.0, 0.1, 90.1, 0.1, 0.0, 50.0, 97.0, 9298.0, 0.05, -70.0]
21:36:55.909 : Generated Params : [310.0, 0.0, 0.0, 1.0, 28.0, 0.0, 0.0, 0.0, 0.0, 0.0, 0.0, 0.0, 0.0, 0.0, 0.0, 0.0, 0.1, 97.1, 0.1, 0.0, 21.0, -25.0, 6608.0, 0.05, -70.0]
21:37:00.264 : Generated Params : [190.0, 0.0, 0.0, 1.0, 73.0, 0.0, 0.0, 0.0, 0.0, 0.0, 0.0, 0.0, 0.0, 0.0, 0.0, 0.0, 0.1, 98.1, 0.1, 0.0, 29.0, 8.0, 9384.0, 0.05, -70.0]
21:37:05.353 : Generated Params : [350.0, 0.0, 0.0, 1.0, 16.0, 0.0, 0.0, 0.0, 0.0, 0.0, 0.0, 0.0, 0.0, 0.0, 0.0, 0.0, 0.1, 81.1, 0.1, 0.0, 5.0, 76.0, 8502.0, 0.05, -70.0]
21:37:09.568 : Generated Params : [370.0, 0.0, 0.0, 1.0, -38.0, 0.0, 0.0, 0.0, 0.0, 0.0, 0.0, 0.0, 0.0, 0.0, 0.0, 0.0, 0.1, 64.1, 0.1, 0.0, 53.0, -71.0, 147.0, 0.05, -70.0]
21:37:13.845 : Generated Params : [10.0, 0.0, 0.0, 1.0, 36.0, 0.0, 0.0, 0.0, 0.0, 0.0, 0.0, 0.0, 0.0, 0.0, 0.0, 0.0, 0.1, 93.1, 0.1, 0.0, 92.0, -99.0, 8387.0, 0.05, -70.0]
21:37:19.221 : Generated Params : [420.0, 0.0, 0.0, 1.0, 3.0, 0.0, 0.0, 0.0, 0.0, 0.0, 0.0, 0.0, 0.0, 0.0, 0.0, 0.0, 0.1, 92.1, 0.1, 0.0, 11.0, -65.0, 2715.0, 0.05, -70.0]
21:37:23.025 : Generated Params : [210.0, 0.0, 0.0, 1.0, -25.0, 0.0, 0.0, 0.0, 0.0, 0.0, 0.0, 0.0, 0.0, 0.0, 0.0, 0.0, 0.1, 45.1, 0.1, 0.0, 64.0, 71.0, 8393.0, 0.05, -70.0]
21:37:26.995 : Generated Params : [240.0, 0.0, 0.0, 1.0, 51.0, 0.0, 0.0, 0.0, 0.0, 0.0, 0.0, 0.0, 0.0, 0.0, 0.0, 0.0, 0.1, 98.1, 0.1, 0.0, 32.0, -23.0, 9238.0, 0.05, -70.0]
21:37:31.298 : Generated Params : [450.0, 0.0, 0.0, 1.0, 51.0, 0.0, 0.0, 0.0, 0.0, 0.0, 0.0, 0.0, 0.0, 0.0, 0.0, 0.0, 0.1, 87.1, 0.1, 0.0, 3.0, -18.0, 6675.0, 0.05, -70.0]
21:37:35.134 : Generated Params : [350.0, 0.0, 0.0, 1.0, -53.0, 0.0, 0.0, 0.0, 0.0, 0.0, 0.0, 0.0, 0.0, 0.0, 0.0, 0.0, 0.1, 92.1, 0.1, 0.0, 17.0, 27.0, 9826.0, 0.05, -70.0]
21:37:39.084 : Generated Params : [410.0, 0.0, 0.0, 1.0, 2.0, 0.0, 0.0, 0.0, 0.0, 0.0, 0.0, 0.0, 0.0, 0.0, 0.0, 0.0, 0.1, 93.1, 0.1, 0.0, 8.0, 97.0, 7771.0, 0.05, -70.0]
21:37:43.033 : Generated Params : [470.0, 0.0, 0.0, 1.0, 75.0, 0.0, 0.0, 0.0, 0.0, 0.0, 0.0, 0.0, 0.0, 0.0, 0.0, 0.0, 0.1, 100.1, 0.1, 0.0, 59.0, 36.0, 6979.0, 0.05, -70.0]
21:37:50.197 : ------------------------------------------------------------
21:37:50.197 : Loop #25
21:39:25.138 : Generated Params : [420.0, 0.0, 0.0, 1.0, 72.0, 0.0, 0.0, 0.0, 0.0, 0.0, 0.0, 0.0, 0.0, 0.0, 0.0, 0.0, 0.1, 40.1, 0.1, 0.0, 26.0, 8.0, 9086.0, 0.05, -70.0]
21:39:29.140 : Generated Params : [470.0, 0.0, 0.0, 1.0, 62.0, 0.0, 0.0, 0.0, 0.0, 0.0, 0.0, 0.0, 0.0, 0.0, 0.0, 0.0, 0.1, 64.1, 0.1, 0.0, 63.0, 2.0, 2154.0, 0.05, -70.0]
21:39:33.080 : Generated Params : [380.0, 0.0, 0.0, 1.0, 2.0, 0.0, 0.0, 0.0, 0.0, 0.0, 0.0, 0.0, 0.0, 0.0, 0.0, 0.0, 0.1, 47.1, 0.1, 0.0, 73.0, -63.0, 3597.0, 0.05, -70.0]
21:39:37.092 : Generated Params : [240.0, 0.0, 0.0, 1.0, 6.0, 0.0, 0.0, 0.0, 0.0, 0.0, 0.0, 0.0, 0.0, 0.0, 0.0, 0.0, 0.1, 69.1, 0.1, 0.0, 49.0, -63.0, 2329.0, 0.05, -70.0]
21:39:41.132 : Generated Params : [240.0, 0.0, 0.0, 1.0, -97.0, 0.0, 0.0, 0.0, 0.0, 0.0, 0.0, 0.0, 0.0, 0.0, 0.0, 0.0, 0.1, 96.1, 0.1, 0.0, 38.0, -36.0, 1519.0, 0.05, -70.0]
21:39:45.098 : Generated Params : [110.0, 0.0, 0.0, 1.0, 83.0, 0.0, 0.0, 0.0, 0.0, 0.0, 0.0, 0.0, 0.0, 0.0, 0.0, 0.0, 0.1, 74.1, 0.1, 0.0, 75.0, -68.0, 3029.0, 0.05, -70.0]
21:39:49.156 : Generated Params : [60.0, 0.0, 0.0, 1.0, 78.0, 0.0, 0.0, 0.0, 0.0, 0.0, 0.0, 0.0, 0.0, 0.0, 0.0, 0.0, 0.1, 92.1, 0.1, 0.0, 47.0, 67.0, 9812.0, 0.05, -70.0]
21:39:53.088 : Generated Params : [150.0, 0.0, 0.0, 1.0, 27.0, 0.0, 0.0, 0.0, 0.0, 0.0, 0.0, 0.0, 0.0, 0.0, 0.0, 0.0, 0.1, 59.1, 0.1, 0.0, 35.0, 5.0, 9226.0, 0.05, -70.0]
21:39:57.086 : Generated Params : [470.0, 0.0, 0.0, 1.0, -79.0, 0.0, 0.0, 0.0, 0.0, 0.0, 0.0, 0.0, 0.0, 0.0, 0.0, 0.0, 0.1, 87.1, 0.1, 0.0, 99.0, -85.0, 4813.0, 0.05, -70.0]
21:40:01.380 : Generated Params : [420.0, 0.0, 0.0, 1.0, 1.0, 0.0, 0.0, 0.0, 0.0, 0.0, 0.0, 0.0, 0.0, 0.0, 0.0, 0.0, 0.1, 49.1, 0.1, 0.0, 82.0, -89.0, 5057.0, 0.05, -70.0]
21:40:05.233 : Generated Params : [450.0, 0.0, 0.0, 1.0, 18.0, 0.0, 0.0, 0.0, 0.0, 0.0, 0.0, 0.0, 0.0, 0.0, 0.0, 0.0, 0.1, 77.1, 0.1, 0.0, 47.0, -56.0, 5725.0, 0.05, -70.0]
21:40:09.113 : Generated Params : [240.0, 0.0, 0.0, 1.0, -11.0, 0.0, 0.0, 0.0, 0.0, 0.0, 0.0, 0.0, 0.0, 0.0, 0.0, 0.0, 0.1, 98.1, 0.1, 0.0, 86.0, 92.0, 4200.0, 0.05, -70.0]
21:40:13.041 : Generated Params : [410.0, 0.0, 0.0, 1.0, 41.0, 0.0, 0.0, 0.0, 0.0, 0.0, 0.0, 0.0, 0.0, 0.0, 0.0, 0.0, 0.1, 62.1, 0.1, 0.0, 13.0, -6.0, 2618.0, 0.05, -70.0]
21:40:17.097 : Generated Params : [410.0, 0.0, 0.0, 1.0, 76.0, 0.0, 0.0, 0.0, 0.0, 0.0, 0.0, 0.0, 0.0, 0.0, 0.0, 0.0, 0.1, 100.1, 0.1, 0.0, 80.0, -42.0, 5548.0, 0.05, -70.0]
21:40:21.164 : Generated Params : [120.0, 0.0, 0.0, 1.0, 81.0, 0.0, 0.0, 0.0, 0.0, 0.0, 0.0, 0.0, 0.0, 0.0, 0.0, 0.0, 0.1, 61.1, 0.1, 0.0, 8.0, -81.0, 9848.0, 0.05, -70.0]
21:40:25.095 : Generated Params : [470.0, 0.0, 0.0, 1.0, 80.0, 0.0, 0.0, 0.0, 0.0, 0.0, 0.0, 0.0, 0.0, 0.0, 0.0, 0.0, 0.1, 90.1, 0.1, 0.0, 73.0, 54.0, 6615.0, 0.05, -70.0]
21:40:29.092 : Generated Params : [240.0, 0.0, 0.0, 1.0, 54.0, 0.0, 0.0, 0.0, 0.0, 0.0, 0.0, 0.0, 0.0, 0.0, 0.0, 0.0, 0.1, 89.1, 0.1, 0.0, 37.0, -37.0, 2756.0, 0.05, -70.0]
21:40:34.062 : Generated Params : [470.0, 0.0, 0.0, 1.0, -27.0, 0.0, 0.0, 0.0, 0.0, 0.0, 0.0, 0.0, 0.0, 0.0, 0.0, 0.0, 0.1, 94.1, 0.1, 0.0, 82.0, 67.0, 3394.0, 0.05, -70.0]
21:40:37.872 : Generated Params : [110.0, 0.0, 0.0, 1.0, 10.0, 0.0, 0.0, 0.0, 0.0, 0.0, 0.0, 0.0, 0.0, 0.0, 0.0, 0.0, 0.1, 90.1, 0.1, 0.0, 63.0, -19.0, 9496.0, 0.05, -70.0]
21:40:42.204 : Generated Params : [110.0, 0.0, 0.0, 1.0, 51.0, 0.0, 0.0, 0.0, 0.0, 0.0, 0.0, 0.0, 0.0, 0.0, 0.0, 0.0, 0.1, 64.1, 0.1, 0.0, 11.0, 1.0, 5577.0, 0.05, -70.0]