
12:59:16.564 : ============================================================

12:59:16.564 : {'window_size_lstm': 3, 'window_size_vio': 15}
12:59:16.778 : ------------------------------------------------------------
12:59:16.778 : Loop #1
13:03:44.123 : ------------------------------------------------------------
13:03:44.123 : Loop #2
13:08:02.453 : ------------------------------------------------------------
13:08:02.453 : Loop #3
13:11:13.953 : Generated Params : [5.0, 5.0, 0.0, 63.0, 0.68, 53.0, 1.0, 70.0, 8.1, 37.0, 51.0, 4.0, 6.0, 0.39, 0.0, 9037.0, 0.9, 0.7, 990.0, 1.0, 0.1, 0.0, 141.0, 812.0, 0.5]
13:11:20.062 : Generated Params : [5.0, 5.0, 0.0, 70.0, 0.63, 27.0, 1.0, 42.0, 9.5, 7.0, 63.0, 5.0, 2.5, 0.31, 0.0, 28321.0, 0.9, 1.8, 160.0, 1.0, 0.1, 0.0, 939.0, 141.0, 0.5]
13:11:25.161 : Generated Params : [5.0, 5.0, 0.0, 55.0, 0.79, 55.0, 1.0, -16.0, 8.6, 62.0, 22.0, 2.5, 6.0, 0.39, 0.0, 27667.0, 0.5, 1.9, 900.0, 1.0, 0.1, 0.0, 560.0, 782.0, 0.5]
13:11:29.858 : Generated Params : [5.0, 5.0, 0.0, 59.0, 0.91, 86.0, 1.0, -96.0, 8.3, 40.0, 53.0, 3.0, 5.5, 0.35, 0.0, 31886.0, 0.5, 1.9, 80.0, 1.0, 0.1, 0.0, 62.0, 965.0, 0.5]
13:11:34.400 : Generated Params : [5.0, 5.0, 0.0, 86.0, 0.68, 37.0, 1.0, 51.0, 7.6, 28.0, 64.0, 2.5, 5.0, 0.39, 0.0, 3336.0, 0.3, 1.4, 350.0, 1.0, 0.1, 0.0, 687.0, 987.0, 0.5]
13:11:40.103 : Generated Params : [5.0, 5.0, 0.0, 35.0, 0.88, 76.0, 1.0, 38.0, 6.7, 62.0, 46.0, 6.0, 5.0, 0.24, 0.0, 25689.0, 0.7, 0.7, 1000.0, 1.0, 0.1, 0.0, 131.0, 939.0, 0.5]
13:11:45.097 : Generated Params : [5.0, 5.0, 0.0, 51.0, 0.64, 91.0, 1.0, 5.0, 6.3, 57.0, 62.0, 2.5, 5.5, 0.29, 0.0, 12153.0, 0.7, 1.2, 220.0, 1.0, 0.1, 0.0, 510.0, 217.0, 0.5]
13:11:49.549 : Generated Params : [5.0, 5.0, 0.0, -12.0, 0.84, -49.0, 1.0, 100.0, 3.1, 68.0, 68.0, 5.0, 5.0, 0.33, 0.0, 23924.0, 0.9, 0.9, 690.0, 1.0, 0.1, 0.0, 1000.0, 727.0, 0.5]
13:11:54.117 : Generated Params : [5.0, 5.0, 0.0, -92.0, 0.29, 16.0, 1.0, 67.0, 7.7, 68.0, 64.0, 3.0, 4.5, 0.22, 0.0, 26643.0, 0.5, 1.3, 500.0, 1.0, 0.1, 0.0, 543.0, 857.0, 0.5]
13:12:04.092 : ------------------------------------------------------------
13:12:04.092 : Loop #4
13:14:22.147 : Generated Params : [5.0, 5.0, 0.0, 58.0, 0.44, 73.0, 1.0, 48.0, 6.2, 59.0, 5.0, 6.0, 6.0, 0.37, 0.0, 12016.0, 1.1, 1.2, 630.0, 1.0, 0.1, 0.0, 690.0, 803.0, 0.5]
13:14:27.127 : Generated Params : [5.0, 5.0, 0.0, 1.0, 0.23, -43.0, 1.0, 100.0, 5.2, 50.0, 42.0, 6.0, 5.5, 0.27, 0.0, 24494.0, 0.9, 1.3, 130.0, 1.0, 0.1, 0.0, 811.0, 982.0, 0.5]
13:14:31.154 : Generated Params : [5.0, 5.0, 0.0, -37.0, 0.91, 4.0, 1.0, -53.0, 3.9, 58.0, 51.0, 5.0, 6.0, 0.29, 0.0, 15961.0, 0.3, 1.3, 160.0, 1.0, 0.1, 0.0, 676.0, 993.0, 0.5]
13:14:35.214 : Generated Params : [5.0, 5.0, 0.0, -18.0, 0.92, 80.0, 1.0, 56.0, 7.6, 66.0, 36.0, 3.0, 5.5, 0.37, 0.0, 30136.0, 0.7, 1.4, 370.0, 1.0, 0.1, 0.0, 299.0, 981.0, 0.5]
13:14:39.287 : Generated Params : [5.0, 5.0, 0.0, 61.0, 0.62, 25.0, 1.0, 5.0, 8.8, 14.0, 40.0, 4.5, 6.0, 0.4, 0.0, 26931.0, 0.7, 1.2, 570.0, 1.0, 0.1, 0.0, 128.0, 247.0, 0.5]
13:14:43.357 : Generated Params : [5.0, 5.0, 0.0, -35.0, 0.33, 100.0, 1.0, 28.0, 10.0, 52.0, 35.0, 6.0, 3.5, 0.33, 0.0, 29316.0, 0.3, 1.3, 750.0, 1.0, 0.1, 0.0, 127.0, 967.0, 0.5]
13:14:47.381 : Generated Params : [5.0, 5.0, 0.0, 4.0, 0.29, -14.0, 1.0, 75.0, 2.9, 62.0, 58.0, 5.5, 5.5, 0.37, 0.0, 17967.0, 1.1, 1.5, 440.0, 1.0, 0.1, 0.0, 346.0, 995.0, 0.5]
13:14:51.383 : Generated Params : [5.0, 5.0, 0.0, 40.0, 0.93, 38.0, 1.0, 48.0, 4.4, 37.0, 62.0, 4.0, 5.0, 0.29, 0.0, 29039.0, 0.7, 1.4, 1000.0, 1.0, 0.1, 0.0, 585.0, 917.0, 0.5]
13:14:55.788 : Generated Params : [5.0, 5.0, 0.0, 81.0, 0.87, 87.0, 1.0, 43.0, 3.5, 44.0, 66.0, 4.0, 3.0, 0.31, 0.0, 3069.0, 0.9, 1.9, 610.0, 1.0, 0.1, 0.0, 95.0, 769.0, 0.5]
13:15:00.366 : Generated Params : [5.0, 5.0, 0.0, 31.0, 0.94, 83.0, 1.0, 55.0, 3.4, 31.0, 29.0, 6.0, 5.0, 0.22, 0.0, 15947.0, 0.9, 1.3, 280.0, 1.0, 0.1, 0.0, 424.0, 926.0, 0.5]
13:15:05.782 : Generated Params : [5.0, 5.0, 0.0, 8.0, 0.98, 88.0, 1.0, 33.0, 1.8, 52.0, 67.0, 3.5, 5.0, 0.22, 0.0, 14820.0, 0.5, 1.3, 650.0, 1.0, 0.1, 0.0, 942.0, 486.0, 0.5]
13:15:10.404 : Generated Params : [5.0, 5.0, 0.0, 46.0, 0.99, 90.0, 1.0, 47.0, 2.9, 55.0, 53.0, 5.0, 5.5, 0.35, 0.0, 4317.0, 0.7, 0.5, 120.0, 1.0, 0.1, 0.0, 988.0, 862.0, 0.5]
13:15:15.367 : Generated Params : [5.0, 5.0, 0.0, -75.0, 0.41, 80.0, 1.0, 21.0, 3.5, 28.0, 63.0, 3.0, 6.0, 0.33, 0.0, 27736.0, 0.4, 0.5, 940.0, 1.0, 0.1, 0.0, 751.0, 251.0, 0.5]
13:15:19.378 : Generated Params : [5.0, 5.0, 0.0, -31.0, 0.94, 75.0, 1.0, 24.0, 2.1, 7.0, 63.0, 5.5, 6.0, 0.39, 0.0, 24786.0, 0.5, 1.9, 650.0, 1.0, 0.1, 0.0, 968.0, 622.0, 0.5]
13:15:23.503 : Generated Params : [5.0, 5.0, 0.0, 53.0, 0.59, -12.0, 1.0, 92.0, 3.8, 62.0, 53.0, 5.5, 6.0, 0.33, 0.0, 12403.0, 0.5, 0.5, 470.0, 1.0, 0.1, 0.0, 1000.0, 378.0, 0.5]
13:15:28.234 : Generated Params : [5.0, 5.0, 0.0, 92.0, 0.81, 0.0, 1.0, -8.0, 8.2, 31.0, 29.0, 4.5, 5.0, 0.18, 0.0, 26779.0, 0.7, 1.2, 380.0, 1.0, 0.1, 0.0, 519.0, 955.0, 0.5]
13:15:33.246 : Generated Params : [5.0, 5.0, 0.0, 86.0, 0.91, -37.0, 1.0, 34.0, 3.9, 34.0, 5.0, 6.0, 4.5, 0.35, 0.0, 19726.0, 0.9, 0.9, 700.0, 1.0, 0.1, 0.0, 47.0, 682.0, 0.5]
13:15:37.307 : Generated Params : [5.0, 5.0, 0.0, -16.0, 0.88, -56.0, 1.0, 91.0, 9.6, 61.0, 47.0, 2.5, 5.0, 0.35, 0.0, 20782.0, 0.9, 0.7, 700.0, 1.0, 0.1, 0.0, 427.0, 797.0, 0.5]
13:15:41.351 : Generated Params : [5.0, 5.0, 0.0, -56.0, 0.47, 28.0, 1.0, 91.0, 7.8, 66.0, 46.0, 6.0, 6.0, 0.29, 0.0, 30519.0, 0.3, 1.9, 410.0, 1.0, 0.1, 0.0, 928.0, 40.0, 0.5]
13:15:45.411 : Generated Params : [5.0, 5.0, 0.0, 52.0, 0.51, 97.0, 1.0, -26.0, 10.0, 28.0, 40.0, 4.5, 5.0, 0.27, 0.0, 30048.0, 0.9, 1.5, 730.0, 1.0, 0.1, 0.0, 355.0, 533.0, 0.5]
13:15:49.516 : Generated Params : [5.0, 5.0, 0.0, -35.0, 0.96, 40.0, 1.0, 88.0, 7.5, 52.0, 64.0, 2.5, 5.0, 0.24, 0.0, 27354.0, 1.1, 1.8, 290.0, 1.0, 0.1, 0.0, 590.0, 942.0, 0.5]
13:16:19.454 : ------------------------------------------------------------
13:16:19.455 : Loop #5
13:20:41.616 : ------------------------------------------------------------
13:20:41.616 : Loop #6
13:24:53.741 : ------------------------------------------------------------
13:24:53.741 : Loop #7
13:28:54.854 : ------------------------------------------------------------
13:28:54.854 : Loop #8
13:31:15.218 : Generated Params : [5.0, 5.0, 0.0, 42.0, 0.51, -56.0, 1.0, -18.0, 4.7, 68.0, 68.0, 6.0, 5.5, 0.27, 0.0, 20810.0, 0.9, 1.5, 940.0, 1.0, 0.1, 0.0, 945.0, 357.0, 0.5]
13:31:20.263 : Generated Params : [5.0, 5.0, 0.0, -75.0, 0.47, 49.0, 1.0, 65.0, 8.3, 47.0, 46.0, 5.5, 6.0, 0.17, 0.0, 26125.0, 1.1, 1.4, 410.0, 1.0, 0.1, 0.0, 561.0, 960.0, 0.5]
13:31:24.386 : Generated Params : [5.0, 5.0, 0.0, 60.0, 0.44, 74.0, 1.0, 61.0, 5.9, 66.0, 61.0, 5.5, 3.5, 0.19, 0.0, 13815.0, 0.9, 1.5, 500.0, 1.0, 0.1, 0.0, 985.0, 977.0, 0.5]
13:31:28.455 : Generated Params : [5.0, 5.0, 0.0, 13.0, 0.84, -79.0, 1.0, 22.0, 9.5, 57.0, 25.0, 4.5, 6.0, 0.31, 0.0, 28687.0, 0.2, 1.8, 240.0, 1.0, 0.1, 0.0, 392.0, 884.0, 0.5]
13:31:32.520 : Generated Params : [5.0, 5.0, 0.0, 13.0, 0.41, 99.0, 1.0, 37.0, 9.9, 68.0, 28.0, 6.0, 6.0, 0.18, 0.0, 31546.0, 1.1, 1.9, 1000.0, 1.0, 0.1, 0.0, 271.0, 791.0, 0.5]
13:33:17.497 : ------------------------------------------------------------
13:33:17.497 : Loop #9
13:35:34.468 : Generated Params : [5.0, 5.0, 0.0, 95.0, 0.78, 71.0, 1.0, 50.0, 8.4, 40.0, 33.0, 2.5, 5.5, 0.39, 0.0, 17726.0, 0.7, 1.5, 380.0, 1.0, 0.1, 0.0, 553.0, 876.0, 0.5]
13:35:40.562 : Generated Params : [5.0, 5.0, 0.0, 97.0, 0.97, 73.0, 1.0, 96.0, 2.8, 18.0, 61.0, 5.5, 3.5, 0.37, 0.0, 28177.0, 0.3, 0.5, 960.0, 1.0, 0.1, 0.0, 482.0, 831.0, 0.5]
13:35:45.666 : Generated Params : [5.0, 5.0, 0.0, 99.0, 0.91, 95.0, 1.0, 67.0, 9.5, 42.0, 61.0, 6.0, 5.5, 0.37, 0.0, 29139.0, 0.5, 1.8, 440.0, 1.0, 0.1, 0.0, 204.0, 274.0, 0.5]
13:35:50.929 : Generated Params : [5.0, 5.0, 0.0, -81.0, 0.86, 49.0, 1.0, 49.0, 7.6, 5.0, 29.0, 4.5, 6.0, 0.24, 0.0, 24275.0, 1.1, 0.9, 690.0, 1.0, 0.1, 0.0, 709.0, 617.0, 0.5]
13:35:56.612 : Generated Params : [5.0, 5.0, 0.0, 79.0, 0.96, -19.0, 1.0, -38.0, 7.5, 61.0, 55.0, 6.0, 6.0, 0.14, 0.0, 30739.0, 0.9, 1.5, 290.0, 1.0, 0.1, 0.0, 618.0, 593.0, 0.5]
13:36:02.213 : Generated Params : [5.0, 5.0, 0.0, -68.0, 0.41, 51.0, 1.0, 13.0, 7.3, 57.0, 37.0, 5.5, 5.0, 0.35, 0.0, 30150.0, 0.3, 1.2, 730.0, 1.0, 0.1, 0.0, 708.0, 758.0, 0.5]
13:36:08.083 : Generated Params : [5.0, 5.0, 0.0, -66.0, 0.17, 45.0, 1.0, -79.0, 1.6, 68.0, 66.0, 3.0, 5.5, 0.29, 0.0, 8179.0, 0.5, 1.5, 700.0, 1.0, 0.1, 0.0, 939.0, 127.0, 0.5]
13:36:14.812 : Generated Params : [5.0, 5.0, 0.0, -49.0, 0.64, -71.0, 1.0, 56.0, 9.0, 63.0, 64.0, 5.0, 5.5, 0.29, 0.0, 16515.0, 0.9, 0.9, 520.0, 1.0, 0.1, 0.0, 422.0, 281.0, 0.5]
13:36:21.117 : Generated Params : [5.0, 5.0, 0.0, 84.0, 0.37, 63.0, 1.0, 38.0, 10.1, 55.0, 34.0, 5.5, 3.0, 0.35, 0.0, 16164.0, 0.7, 0.3, 690.0, 1.0, 0.1, 0.0, 306.0, 996.0, 0.5]
13:36:26.063 : Generated Params : [5.0, 5.0, 0.0, 56.0, 0.63, 84.0, 1.0, 17.0, 3.2, 50.0, 62.0, 6.0, 3.5, 0.29, 0.0, 23948.0, 0.9, 1.7, 780.0, 1.0, 0.1, 0.0, 958.0, 26.0, 0.5]
13:36:31.240 : Generated Params : [5.0, 5.0, 0.0, -68.0, 0.49, 23.0, 1.0, -37.0, 5.2, 59.0, 63.0, 6.0, 3.5, 0.33, 0.0, 8072.0, 0.9, 1.8, 730.0, 1.0, 0.1, 0.0, 718.0, 350.0, 0.5]
13:36:35.965 : Generated Params : [5.0, 5.0, 0.0, 3.0, 0.92, 79.0, 1.0, 81.0, 7.4, 51.0, 50.0, 2.5, 4.0, 0.24, 0.0, 20692.0, 0.4, 1.4, 620.0, 1.0, 0.1, 0.0, 995.0, 833.0, 0.5]
13:36:41.843 : Generated Params : [5.0, 5.0, 0.0, 41.0, 0.68, 1.0, 1.0, 54.0, 3.2, 47.0, 58.0, 6.0, 2.5, 0.22, 0.0, 17160.0, 0.7, 0.5, 840.0, 1.0, 0.1, 0.0, 797.0, 242.0, 0.5]
13:36:47.522 : Generated Params : [5.0, 5.0, 0.0, 83.0, 0.58, 34.0, 1.0, 55.0, 9.4, 20.0, 42.0, 4.0, 4.5, 0.39, 0.0, 11825.0, 0.7, 1.7, 990.0, 1.0, 0.1, 0.0, 789.0, 764.0, 0.5]
13:36:52.258 : Generated Params : [5.0, 5.0, 0.0, 65.0, 0.73, 83.0, 1.0, -89.0, 9.2, 3.0, 29.0, 3.0, 4.0, 0.35, 0.0, 30260.0, 0.7, 1.1, 100.0, 1.0, 0.1, 0.0, 973.0, 426.0, 0.5]
13:36:59.491 : Generated Params : [5.0, 5.0, 0.0, -68.0, 0.9, -71.0, 1.0, 70.0, 0.1, 5.0, 66.0, 2.5, 3.0, 0.31, 0.0, 31063.0, 0.9, 1.8, 1000.0, 1.0, 0.1, 0.0, 442.0, 764.0, 0.5]
13:37:05.400 : Generated Params : [5.0, 5.0, 0.0, -62.0, 0.63, 71.0, 1.0, 8.0, 4.2, 68.0, 58.0, 3.5, 6.0, 0.29, 0.0, 21871.0, 1.1, 0.7, 920.0, 1.0, 0.1, 0.0, 616.0, 932.0, 0.5]
13:37:11.589 : Generated Params : [5.0, 5.0, 0.0, -10.0, 0.98, -98.0, 1.0, 21.0, 9.5, 59.0, 20.0, 4.5, 5.5, 0.27, 0.0, 30601.0, 0.9, 1.9, 380.0, 1.0, 0.1, 0.0, 197.0, 523.0, 0.5]
13:37:33.550 : ------------------------------------------------------------
13:37:33.550 : Loop #10
13:40:32.230 : Generated Params : [5.0, 5.0, 0.0, -25.0, 0.32, -39.0, 1.0, 74.0, 6.4, 23.0, 40.0, 5.0, 5.0, 0.39, 0.0, 29882.0, 0.9, 1.9, 20.0, 1.0, 0.1, 0.0, 622.0, 908.0, 0.5]
13:40:38.521 : Generated Params : [5.0, 5.0, 0.0, 54.0, 0.86, -22.0, 1.0, 71.0, 9.0, 61.0, 33.0, 3.5, 3.0, 0.37, 0.0, 21979.0, 0.5, 0.2, 880.0, 1.0, 0.1, 0.0, 135.0, 852.0, 0.5]
13:40:44.095 : Generated Params : [5.0, 5.0, 0.0, -71.0, 0.91, 20.0, 1.0, 24.0, 6.5, 64.0, 68.0, 3.0, 6.0, 0.29, 0.0, 20396.0, 0.2, 1.8, 500.0, 1.0, 0.1, 0.0, 962.0, 613.0, 0.5]
13:40:50.325 : Generated Params : [5.0, 5.0, 0.0, 72.0, 0.41, 30.0, 1.0, 50.0, 9.5, 68.0, 52.0, 2.5, 5.5, 0.17, 0.0, 26967.0, 0.9, 1.9, 20.0, 1.0, 0.1, 0.0, 602.0, 885.0, 0.5]
13:40:56.283 : Generated Params : [5.0, 5.0, 0.0, -18.0, 0.3, 13.0, 1.0, 64.0, 2.9, 44.0, 45.0, 5.5, 6.0, 0.37, 0.0, 7375.0, 0.7, 1.9, 510.0, 1.0, 0.1, 0.0, 124.0, 993.0, 0.5]
13:41:02.458 : Generated Params : [5.0, 5.0, 0.0, 91.0, 0.8, -6.0, 1.0, 53.0, 6.3, 46.0, 67.0, 4.0, 5.5, 0.14, 0.0, 23021.0, 0.9, 1.3, 570.0, 1.0, 0.1, 0.0, 542.0, 551.0, 0.5]
13:41:08.344 : Generated Params : [5.0, 5.0, 0.0, -41.0, 0.46, 76.0, 1.0, 23.0, 8.9, 25.0, 36.0, 4.0, 5.0, 0.35, 0.0, 5318.0, 0.9, 1.8, 440.0, 1.0, 0.1, 0.0, 949.0, 151.0, 0.5]
13:41:14.324 : Generated Params : [5.0, 5.0, 0.0, 88.0, 0.47, 65.0, 1.0, 86.0, 8.3, 56.0, 34.0, 5.0, 5.0, 0.4, 0.0, 23049.0, 0.5, 1.8, 640.0, 1.0, 0.1, 0.0, 566.0, 972.0, 0.5]
13:41:20.358 : Generated Params : [5.0, 5.0, 0.0, 55.0, 0.91, 4.0, 1.0, -55.0, 6.9, 57.0, 68.0, 6.0, 6.0, 0.4, 0.0, 23387.0, 0.9, 0.7, 550.0, 1.0, 0.1, 0.0, 894.0, 306.0, 0.5]
13:41:26.360 : Generated Params : [5.0, 5.0, 0.0, 21.0, 0.38, 95.0, 1.0, 39.0, 8.0, 47.0, 31.0, 5.5, 5.0, 0.31, 0.0, 24323.0, 0.7, 1.7, 630.0, 1.0, 0.1, 0.0, 828.0, 922.0, 0.5]
13:41:32.638 : Generated Params : [5.0, 5.0, 0.0, 97.0, 0.72, -71.0, 1.0, 18.0, 9.2, 58.0, 42.0, 3.5, 2.5, 0.19, 0.0, 16341.0, 0.3, 1.1, 950.0, 1.0, 0.1, 0.0, 885.0, 854.0, 0.5]
13:41:38.341 : Generated Params : [5.0, 5.0, 0.0, 80.0, 0.53, 59.0, 1.0, 50.0, 3.9, 57.0, 55.0, 5.0, 6.0, 0.31, 0.0, 25678.0, 1.1, 0.7, 40.0, 1.0, 0.1, 0.0, 399.0, 981.0, 0.5]
13:41:44.247 : ------------------------------------------------------------
13:41:44.247 : Loop #11
13:44:02.576 : Generated Params : [5.0, 5.0, 0.0, 25.0, 0.92, 4.0, 1.0, 12.0, 8.2, 68.0, 59.0, 3.5, 4.0, 0.39, 0.0, 29014.0, 0.5, 1.3, 320.0, 1.0, 0.1, 0.0, 977.0, 708.0, 0.5]
13:44:07.299 : Generated Params : [5.0, 5.0, 0.0, -16.0, 0.9, -31.0, 1.0, 71.0, 3.2, 15.0, 69.0, 4.5, 2.5, 0.33, 0.0, 19539.0, 0.9, 1.7, 590.0, 1.0, 0.1, 0.0, 473.0, 922.0, 0.5]
13:44:11.563 : Generated Params : [5.0, 5.0, 0.0, 43.0, 0.62, -97.0, 1.0, -96.0, 4.8, 57.0, 51.0, 4.0, 2.5, 0.37, 0.0, 25607.0, 0.7, 2.0, 960.0, 1.0, 0.1, 0.0, 905.0, 55.0, 0.5]
13:44:16.471 : Generated Params : [5.0, 5.0, 0.0, 52.0, 0.78, 21.0, 1.0, 46.0, 6.4, 57.0, 63.0, 5.0, 3.5, 0.35, 0.0, 1372.0, 0.5, 0.4, 860.0, 1.0, 0.1, 0.0, 269.0, 842.0, 0.5]
13:44:24.119 : Generated Params : [5.0, 5.0, 0.0, 50.0, 0.92, 37.0, 1.0, -94.0, 8.6, 36.0, 59.0, 5.0, 4.0, 0.39, 0.0, 20223.0, 0.5, 0.9, 620.0, 1.0, 0.1, 0.0, 553.0, 880.0, 0.5]
13:44:29.411 : Generated Params : [5.0, 5.0, 0.0, 6.0, 0.75, -20.0, 1.0, 8.0, 8.2, 66.0, 40.0, 6.0, 6.0, 0.37, 0.0, 30946.0, 0.7, 0.9, 820.0, 1.0, 0.1, 0.0, 304.0, 463.0, 0.5]
13:44:33.985 : Generated Params : [5.0, 5.0, 0.0, 87.0, 0.62, 100.0, 1.0, 86.0, 7.0, 14.0, 61.0, 5.0, 5.5, 0.37, 0.0, 21959.0, 0.9, 0.9, 620.0, 1.0, 0.1, 0.0, 987.0, 30.0, 0.5]
13:46:08.829 : ------------------------------------------------------------
13:46:08.830 : Loop #12
13:48:27.518 : Generated Params : [5.0, 5.0, 0.0, 31.0, 0.81, 4.0, 1.0, 56.0, 9.4, 67.0, 63.0, 6.0, 6.0, 0.33, 0.0, 26063.0, 0.3, 1.7, 210.0, 1.0, 0.1, 0.0, 519.0, 18.0, 0.5]
13:48:32.506 : Generated Params : [5.0, 5.0, 0.0, 31.0, 0.93, -62.0, 1.0, 27.0, 4.4, 64.0, 68.0, 4.0, 3.5, 0.39, 0.0, 28657.0, 0.4, 1.2, 710.0, 1.0, 0.1, 0.0, 907.0, 301.0, 0.5]
13:48:37.704 : Generated Params : [5.0, 5.0, 0.0, 83.0, 0.85, -13.0, 1.0, 71.0, 5.8, 53.0, 66.0, 5.5, 6.0, 0.29, 0.0, 19653.0, 0.9, 1.9, 1000.0, 1.0, 0.1, 0.0, 362.0, 782.0, 0.5]
13:48:42.979 : Generated Params : [5.0, 5.0, 0.0, 24.0, 0.35, 13.0, 1.0, 41.0, 9.5, 2.0, 46.0, 5.5, 5.0, 0.35, 0.0, 1941.0, 0.5, 1.3, 500.0, 1.0, 0.1, 0.0, 696.0, 729.0, 0.5]
13:48:48.830 : Generated Params : [5.0, 5.0, 0.0, 49.0, 0.99, 41.0, 1.0, 49.0, 6.4, 67.0, 36.0, 4.5, 4.5, 0.18, 0.0, 27501.0, 0.7, 0.2, 130.0, 1.0, 0.1, 0.0, 862.0, 968.0, 0.5]
13:48:53.939 : Generated Params : [5.0, 5.0, 0.0, 77.0, 0.47, 46.0, 1.0, 1.0, 8.3, 55.0, 55.0, 4.0, 4.5, 0.29, 0.0, 26670.0, 0.9, 1.3, 560.0, 1.0, 0.1, 0.0, 304.0, 644.0, 0.5]
13:48:59.500 : Generated Params : [5.0, 5.0, 0.0, -41.0, 0.7, 77.0, 1.0, 97.0, 1.9, 57.0, 61.0, 4.5, 5.0, 0.37, 0.0, 14414.0, 0.7, 0.3, 500.0, 1.0, 0.1, 0.0, 450.0, 852.0, 0.5]
13:49:04.394 : Generated Params : [5.0, 5.0, 0.0, -1.0, 0.21, 68.0, 1.0, -25.0, 2.6, 55.0, 57.0, 5.0, 6.0, 0.19, 0.0, 12584.0, 1.1, 2.0, 450.0, 1.0, 0.1, 0.0, 931.0, 959.0, 0.5]
13:49:09.360 : Generated Params : [5.0, 5.0, 0.0, 10.0, 0.94, -39.0, 1.0, -74.0, 9.3, 52.0, 51.0, 6.0, 5.0, 0.37, 0.0, 31449.0, 0.9, 0.7, 820.0, 1.0, 0.1, 0.0, 974.0, 885.0, 0.5]
13:49:15.279 : Generated Params : [5.0, 5.0, 0.0, -41.0, 0.35, -18.0, 1.0, 68.0, 8.8, 56.0, 20.0, 5.0, 4.5, 0.22, 0.0, 27282.0, 0.7, 1.9, 940.0, 1.0, 0.1, 0.0, 811.0, 774.0, 0.5]
13:49:21.624 : Generated Params : [5.0, 5.0, 0.0, 100.0, 0.44, 1.0, 1.0, -30.0, 8.3, 61.0, 62.0, 4.0, 4.0, 0.37, 0.0, 25434.0, 1.1, 0.7, 940.0, 1.0, 0.1, 0.0, 3.0, 741.0, 0.5]
13:49:26.503 : Generated Params : [5.0, 5.0, 0.0, -94.0, 0.98, 49.0, 1.0, -20.0, 3.2, 67.0, 52.0, 3.5, 4.5, 0.15, 0.0, 17741.0, 0.7, 2.0, 890.0, 1.0, 0.1, 0.0, 149.0, 967.0, 0.5]
13:49:31.491 : Generated Params : [5.0, 5.0, 0.0, -96.0, 0.5, 16.0, 1.0, 37.0, 9.8, 41.0, 7.0, 3.5, 5.0, 0.39, 0.0, 24628.0, 0.3, 1.7, 880.0, 1.0, 0.1, 0.0, 890.0, 574.0, 0.5]
13:49:37.360 : Generated Params : [5.0, 5.0, 0.0, -69.0, 0.87, 51.0, 1.0, 34.0, 4.5, 41.0, 63.0, 4.5, 5.0, 0.33, 0.0, 22865.0, 0.2, 0.5, 940.0, 1.0, 0.1, 0.0, 940.0, 224.0, 0.5]
13:49:43.843 : Generated Params : [5.0, 5.0, 0.0, 52.0, 0.18, 67.0, 1.0, 100.0, 8.2, 68.0, 69.0, 4.5, 5.0, 0.29, 0.0, 27434.0, 0.5, 1.9, 550.0, 1.0, 0.1, 0.0, 635.0, 457.0, 0.5]
13:49:51.595 : Generated Params : [5.0, 5.0, 0.0, -76.0, 0.8, -16.0, 1.0, 36.0, 8.7, 35.0, 48.0, 5.0, 4.5, 0.4, 0.0, 20921.0, 0.9, 0.7, 810.0, 1.0, 0.1, 0.0, 726.0, 382.0, 0.5]
13:49:56.872 : Generated Params : [5.0, 5.0, 0.0, 65.0, 0.93, 63.0, 1.0, 93.0, 4.8, 47.0, 41.0, 5.5, 6.0, 0.33, 0.0, 30084.0, 0.4, 0.5, 530.0, 1.0, 0.1, 0.0, 181.0, 729.0, 0.5]
13:50:01.849 : Generated Params : [5.0, 5.0, 0.0, 93.0, 0.32, 33.0, 1.0, -25.0, 8.8, 70.0, 66.0, 6.0, 3.5, 0.19, 0.0, 26226.0, 0.5, 0.5, 550.0, 1.0, 0.1, 0.0, 566.0, 917.0, 0.5]
13:50:07.431 : Generated Params : [5.0, 5.0, 0.0, 100.0, 0.81, 60.0, 1.0, -16.0, 6.4, 25.0, 40.0, 6.0, 4.5, 0.37, 0.0, 26775.0, 1.1, 1.1, 630.0, 1.0, 0.1, 0.0, 696.0, 678.0, 0.5]
13:50:12.696 : Generated Params : [5.0, 5.0, 0.0, -84.0, 0.82, 88.0, 1.0, -38.0, 8.1, 56.0, 46.0, 3.0, 4.5, 0.37, 0.0, 31566.0, 0.9, 0.7, 880.0, 1.0, 0.1, 0.0, 334.0, 630.0, 0.5]
13:50:17.366 : Generated Params : [5.0, 5.0, 0.0, 20.0, 0.9, 61.0, 1.0, 60.0, 6.3, 58.0, 61.0, 3.5, 6.0, 0.35, 0.0, 27650.0, 0.5, 0.7, 410.0, 1.0, 0.1, 0.0, 922.0, 893.0, 0.5]
13:50:25.454 : ------------------------------------------------------------
13:50:25.454 : Loop #13
13:52:45.187 : Generated Params : [5.0, 5.0, 0.0, 97.0, 0.86, 73.0, 1.0, 39.0, 7.3, 18.0, 59.0, 6.0, 5.5, 0.27, 0.0, 20500.0, 0.5, 1.3, 420.0, 1.0, 0.1, 0.0, 473.0, 601.0, 0.5]
13:52:50.486 : Generated Params : [5.0, 5.0, 0.0, 97.0, 0.61, 87.0, 1.0, -11.0, 4.8, 35.0, 40.0, 5.5, 6.0, 0.29, 0.0, 12870.0, 0.7, 2.0, 630.0, 1.0, 0.1, 0.0, 797.0, 496.0, 0.5]
13:52:56.619 : Generated Params : [5.0, 5.0, 0.0, -29.0, 0.76, -5.0, 1.0, 34.0, 8.7, 67.0, 56.0, 5.0, 5.5, 0.31, 0.0, 26805.0, 0.9, 1.7, 820.0, 1.0, 0.1, 0.0, 383.0, 889.0, 0.5]
13:53:01.455 : Generated Params : [5.0, 5.0, 0.0, 46.0, 0.8, -5.0, 1.0, 31.0, 5.6, 39.0, 42.0, 5.0, 3.0, 0.21, 0.0, 28581.0, 1.1, 0.7, 520.0, 1.0, 0.1, 0.0, 1000.0, 774.0, 0.5]
13:53:06.617 : Generated Params : [5.0, 5.0, 0.0, 1.0, 0.13, 18.0, 1.0, 76.0, 0.8, 66.0, 40.0, 5.5, 6.0, 0.35, 0.0, 26306.0, 0.9, 0.9, 690.0, 1.0, 0.1, 0.0, 810.0, 352.0, 0.5]
13:53:13.208 : Generated Params : [5.0, 5.0, 0.0, 88.0, 1.0, 88.0, 1.0, 88.0, 6.9, 57.0, 29.0, 5.0, 5.5, 0.27, 0.0, 17990.0, 0.9, 0.5, 810.0, 1.0, 0.1, 0.0, 509.0, 264.0, 0.5]
13:53:18.516 : Generated Params : [5.0, 5.0, 0.0, -71.0, 0.98, 84.0, 1.0, 63.0, 3.1, 58.0, 36.0, 6.0, 5.5, 0.37, 0.0, 17764.0, 0.4, 1.9, 470.0, 1.0, 0.1, 0.0, 867.0, 403.0, 0.5]
13:53:34.797 : Generated Params : [5.0, 5.0, 0.0, 93.0, 0.98, 87.0, 1.0, -10.0, 5.5, 63.0, 46.0, 5.5, 3.5, 0.31, 0.0, 22953.0, 0.7, 0.7, 890.0, 1.0, 0.1, 0.0, 433.0, 768.0, 0.5]
13:53:52.523 : Generated Params : [5.0, 5.0, 0.0, 0.0, 0.87, 50.0, 1.0, -20.0, 3.5, 28.0, 29.0, 6.0, 4.5, 0.33, 0.0, 14025.0, 0.7, 1.9, 900.0, 1.0, 0.1, 0.0, 837.0, 913.0, 0.5]
13:54:48.622 : ------------------------------------------------------------
13:54:48.622 : Loop #14
13:57:01.276 : Generated Params : [5.0, 5.0, 0.0, 59.0, 0.44, 14.0, 1.0, 42.0, 9.0, 47.0, 58.0, 5.0, 2.5, 0.39, 0.0, 31726.0, 0.9, 1.7, 320.0, 1.0, 0.1, 0.0, 881.0, 800.0, 0.5]
13:57:07.424 : Generated Params : [5.0, 5.0, 0.0, 88.0, 0.97, 3.0, 1.0, 96.0, 8.3, 26.0, 67.0, 5.0, 5.0, 0.33, 0.0, 7560.0, 0.7, 1.3, 340.0, 1.0, 0.1, 0.0, 955.0, 672.0, 0.5]
13:57:13.282 : Generated Params : [5.0, 5.0, 0.0, 55.0, 0.32, 100.0, 1.0, -55.0, 2.1, 68.0, 23.0, 5.0, 6.0, 0.27, 0.0, 30667.0, 1.1, 0.2, 500.0, 1.0, 0.1, 0.0, 630.0, 894.0, 0.5]
13:57:19.356 : Generated Params : [5.0, 5.0, 0.0, -62.0, 0.47, 5.0, 1.0, 4.0, 2.1, 31.0, 69.0, 4.5, 6.0, 0.35, 0.0, 23953.0, 0.3, 1.7, 830.0, 1.0, 0.1, 0.0, 431.0, 710.0, 0.5]
13:57:25.450 : Generated Params : [5.0, 5.0, 0.0, -69.0, 0.68, 92.0, 1.0, 87.0, 3.8, 15.0, 58.0, 5.5, 3.0, 0.37, 0.0, 26931.0, 1.1, 1.3, 280.0, 1.0, 0.1, 0.0, 681.0, 904.0, 0.5]
13:57:31.381 : Generated Params : [5.0, 5.0, 0.0, -10.0, 0.35, 87.0, 1.0, 61.0, 7.5, 50.0, 59.0, 2.5, 6.0, 0.12, 0.0, 24181.0, 1.1, 0.7, 310.0, 1.0, 0.1, 0.0, 866.0, 620.0, 0.5]
13:57:37.190 : Generated Params : [5.0, 5.0, 0.0, -6.0, 0.41, 6.0, 1.0, 80.0, 4.7, 34.0, 62.0, 3.0, 3.5, 0.33, 0.0, 30423.0, 0.9, 0.5, 510.0, 1.0, 0.1, 0.0, 274.0, 714.0, 0.5]
13:57:43.075 : Generated Params : [5.0, 5.0, 0.0, 18.0, 0.8, 91.0, 1.0, 8.0, 8.2, 69.0, 62.0, 5.0, 4.5, 0.13, 0.0, 22715.0, 1.1, 1.9, 440.0, 1.0, 0.1, 0.0, 401.0, 830.0, 0.5]
13:57:48.520 : Generated Params : [5.0, 5.0, 0.0, -6.0, 0.93, 67.0, 1.0, 74.0, 2.5, 57.0, 62.0, 4.0, 5.0, 0.23, 0.0, 30997.0, 0.5, 1.3, 930.0, 1.0, 0.1, 0.0, 364.0, 4.0, 0.5]
13:57:53.586 : Generated Params : [5.0, 5.0, 0.0, 63.0, 0.85, 42.0, 1.0, 76.0, 9.2, 44.0, 66.0, 3.5, 5.5, 0.33, 0.0, 10299.0, 0.7, 1.7, 30.0, 1.0, 0.1, 0.0, 524.0, 754.0, 0.5]
13:57:58.569 : Generated Params : [5.0, 5.0, 0.0, 84.0, 0.02, 63.0, 1.0, 88.0, 9.6, 39.0, 66.0, 6.0, 3.0, 0.33, 0.0, 29965.0, 0.9, 0.3, 520.0, 1.0, 0.1, 0.0, 852.0, 343.0, 0.5]
13:58:03.645 : Generated Params : [5.0, 5.0, 0.0, 4.0, 0.86, 41.0, 1.0, 35.0, 8.1, 62.0, 46.0, 6.0, 5.5, 0.37, 0.0, 4316.0, 0.2, 1.8, 370.0, 1.0, 0.1, 0.0, 755.0, 473.0, 0.5]
13:58:10.685 : Generated Params : [5.0, 5.0, 0.0, 96.0, 0.96, -17.0, 1.0, 45.0, 6.5, 61.0, 63.0, 6.0, 6.0, 0.23, 0.0, 24584.0, 0.5, 1.7, 770.0, 1.0, 0.1, 0.0, 13.0, 698.0, 0.5]
13:58:15.812 : Generated Params : [5.0, 5.0, 0.0, 88.0, 0.14, 86.0, 1.0, 100.0, 7.5, 20.0, 64.0, 6.0, 4.0, 0.29, 0.0, 29039.0, 0.7, 1.4, 370.0, 1.0, 0.1, 0.0, 484.0, 860.0, 0.5]
13:58:21.197 : Generated Params : [5.0, 5.0, 0.0, -58.0, 0.49, -5.0, 1.0, 52.0, 8.0, 66.0, 51.0, 4.5, 6.0, 0.27, 0.0, 16758.0, 0.3, 2.0, 470.0, 1.0, 0.1, 0.0, 234.0, 522.0, 0.5]
13:58:27.291 : Generated Params : [5.0, 5.0, 0.0, 13.0, 0.96, 15.0, 1.0, -68.0, 8.2, 46.0, 68.0, 5.5, 5.5, 0.25, 0.0, 7992.0, 1.1, 1.8, 690.0, 1.0, 0.1, 0.0, 834.0, 195.0, 0.5]
13:58:33.052 : Generated Params : [5.0, 5.0, 0.0, -62.0, 0.91, -79.0, 1.0, -79.0, 0.8, 55.0, 3.0, 5.5, 3.5, 0.12, 0.0, 1915.0, 0.9, 1.1, 440.0, 1.0, 0.1, 0.0, 14.0, 597.0, 0.5]
13:58:39.243 : Generated Params : [5.0, 5.0, 0.0, 65.0, 0.92, 67.0, 1.0, -97.0, 4.4, 26.0, 52.0, 4.5, 4.5, 0.31, 0.0, 23764.0, 0.3, 2.0, 750.0, 1.0, 0.1, 0.0, 436.0, 979.0, 0.5]
13:58:45.499 : Generated Params : [5.0, 5.0, 0.0, 4.0, 0.65, 84.0, 1.0, 61.0, 1.6, 34.0, 63.0, 6.0, 5.5, 0.23, 0.0, 26042.0, 0.7, 1.4, 110.0, 1.0, 0.1, 0.0, 967.0, 803.0, 0.5]
13:58:52.269 : Generated Params : [5.0, 5.0, 0.0, 28.0, 0.62, 84.0, 1.0, -75.0, 1.9, 15.0, 45.0, 3.5, 5.0, 0.29, 0.0, 31827.0, 0.5, 1.4, 750.0, 1.0, 0.1, 0.0, 694.0, 875.0, 0.5]
13:58:57.199 : Generated Params : [5.0, 5.0, 0.0, -92.0, 0.99, -79.0, 1.0, 63.0, 10.0, 52.0, 70.0, 5.0, 3.0, 0.33, 0.0, 30511.0, 1.1, 0.9, 590.0, 1.0, 0.1, 0.0, 297.0, 903.0, 0.5]
13:59:01.430 : ------------------------------------------------------------
13:59:01.430 : Loop #15
14:03:10.278 : ------------------------------------------------------------
14:03:10.278 : Loop #16
14:07:28.889 : ------------------------------------------------------------
14:07:28.889 : Loop #17
14:11:45.582 : ------------------------------------------------------------
14:11:45.582 : Loop #18
14:14:02.774 : Generated Params : [5.0, 5.0, 0.0, 5.0, 0.81, 85.0, 1.0, 42.0, 2.9, 40.0, 62.0, 5.0, 4.5, 0.12, 0.0, 14561.0, 0.9, 1.4, 80.0, 1.0, 0.1, 0.0, 909.0, 973.0, 0.5]
14:14:08.217 : Generated Params : [5.0, 5.0, 0.0, 87.0, 0.96, 84.0, 1.0, 91.0, 6.1, 12.0, 61.0, 5.5, 3.5, 0.25, 0.0, 31748.0, 0.9, 0.9, 840.0, 1.0, 0.1, 0.0, 940.0, 594.0, 0.5]
14:14:14.264 : Generated Params : [5.0, 5.0, 0.0, 50.0, 0.35, 95.0, 1.0, 31.0, 5.1, 56.0, 64.0, 5.0, 3.0, 0.2, 0.0, 27400.0, 0.9, 1.8, 40.0, 1.0, 0.1, 0.0, 941.0, 979.0, 0.5]
14:14:19.662 : Generated Params : [5.0, 5.0, 0.0, 84.0, 0.93, 72.0, 1.0, -92.0, 8.4, 69.0, 58.0, 5.5, 5.5, 0.37, 0.0, 16611.0, 0.3, 1.5, 860.0, 1.0, 0.1, 0.0, 297.0, 792.0, 0.5]
14:14:24.619 : Generated Params : [5.0, 5.0, 0.0, -74.0, 0.61, -16.0, 1.0, -99.0, 8.4, 66.0, 69.0, 5.0, 6.0, 0.39, 0.0, 20511.0, 0.5, 1.8, 890.0, 1.0, 0.1, 0.0, 248.0, 800.0, 0.5]
14:14:29.303 : Generated Params : [5.0, 5.0, 0.0, 38.0, 0.13, -87.0, 1.0, 51.0, 5.7, 14.0, 66.0, 5.0, 3.5, 0.35, 0.0, 8811.0, 0.7, 2.0, 530.0, 1.0, 0.1, 0.0, 513.0, 829.0, 0.5]
14:14:33.835 : Generated Params : [5.0, 5.0, 0.0, 16.0, 0.52, 49.0, 1.0, 88.0, 9.5, 58.0, 66.0, 3.0, 5.5, 0.39, 0.0, 19108.0, 0.9, 1.8, 590.0, 1.0, 0.1, 0.0, 237.0, 940.0, 0.5]
14:14:39.193 : Generated Params : [5.0, 5.0, 0.0, -37.0, 0.9, 90.0, 1.0, -6.0, 6.3, 31.0, 51.0, 3.5, 5.5, 0.39, 0.0, 30296.0, 0.4, 2.0, 960.0, 1.0, 0.1, 0.0, 843.0, 417.0, 0.5]
14:14:43.478 : Generated Params : [5.0, 5.0, 0.0, 8.0, 0.18, 9.0, 1.0, -84.0, 4.5, 14.0, 50.0, 6.0, 4.0, 0.14, 0.0, 10728.0, 0.5, 0.5, 250.0, 1.0, 0.1, 0.0, 601.0, 109.0, 0.5]
14:14:48.508 : Generated Params : [5.0, 5.0, 0.0, 65.0, 0.81, 42.0, 1.0, 0.0, 0.8, 35.0, 47.0, 5.5, 6.0, 0.39, 0.0, 18784.0, 0.4, 1.9, 900.0, 1.0, 0.1, 0.0, 504.0, 905.0, 0.5]
14:14:53.282 : Generated Params : [5.0, 5.0, 0.0, 23.0, 0.68, 91.0, 1.0, 20.0, 9.6, 17.0, 62.0, 5.0, 4.0, 0.39, 0.0, 30798.0, 1.1, 1.3, 440.0, 1.0, 0.1, 0.0, 900.0, 871.0, 0.5]
14:14:57.581 : Generated Params : [5.0, 5.0, 0.0, 48.0, 0.92, -79.0, 1.0, 13.0, 4.5, 28.0, 34.0, 5.0, 6.0, 0.37, 0.0, 18696.0, 0.2, 1.4, 1000.0, 1.0, 0.1, 0.0, 987.0, 264.0, 0.5]
14:15:02.707 : Generated Params : [5.0, 5.0, 0.0, 91.0, 0.96, 39.0, 1.0, 1.0, 6.2, 52.0, 29.0, 3.5, 5.5, 0.4, 0.0, 13148.0, 0.4, 1.5, 320.0, 1.0, 0.1, 0.0, 580.0, 830.0, 0.5]
14:15:07.396 : Generated Params : [5.0, 5.0, 0.0, 42.0, 0.86, 70.0, 1.0, -12.0, 1.9, 42.0, 70.0, 3.5, 5.0, 0.31, 0.0, 5337.0, 0.7, 0.7, 750.0, 1.0, 0.1, 0.0, 574.0, 885.0, 0.5]
14:15:12.265 : Generated Params : [5.0, 5.0, 0.0, 25.0, 0.4, 25.0, 1.0, 84.0, 6.4, 42.0, 1.0, 3.0, 4.5, 0.33, 0.0, 31507.0, 0.7, 1.1, 730.0, 1.0, 0.1, 0.0, 899.0, 936.0, 0.5]
14:15:17.431 : Generated Params : [5.0, 5.0, 0.0, 42.0, 0.63, 75.0, 1.0, 79.0, 3.4, 70.0, 62.0, 3.0, 5.5, 0.12, 0.0, 19144.0, 0.9, 2.0, 620.0, 1.0, 0.1, 0.0, 732.0, 83.0, 0.5]
14:15:22.596 : Generated Params : [5.0, 5.0, 0.0, 54.0, 0.68, 88.0, 1.0, 84.0, 8.7, 28.0, 23.0, 4.5, 6.0, 0.25, 0.0, 25421.0, 0.3, 1.9, 120.0, 1.0, 0.1, 0.0, 255.0, 494.0, 0.5]
14:15:27.357 : Generated Params : [5.0, 5.0, 0.0, 88.0, 1.0, 67.0, 1.0, 86.0, 8.6, 36.0, 22.0, 3.0, 5.0, 0.39, 0.0, 29767.0, 0.2, 0.4, 560.0, 1.0, 0.1, 0.0, 579.0, 461.0, 0.5]
14:15:31.609 : Generated Params : [5.0, 5.0, 0.0, 25.0, 0.92, 60.0, 1.0, 71.0, 9.0, 45.0, 22.0, 3.0, 4.0, 0.39, 0.0, 20535.0, 1.1, 1.5, 420.0, 1.0, 0.1, 0.0, 905.0, 842.0, 0.5]
14:16:02.733 : ------------------------------------------------------------
14:16:02.733 : Loop #19
14:17:07.727 : ------------------------------------------------------------
14:17:07.727 : Loop #20
14:19:24.755 : Generated Params : [5.0, 5.0, 0.0, 74.0, 0.56, 75.0, 1.0, -68.0, 2.6, 48.0, 68.0, 4.5, 6.0, 0.22, 0.0, 16862.0, 0.7, 0.2, 940.0, 1.0, 0.1, 0.0, 722.0, 516.0, 0.5]
14:19:29.721 : Generated Params : [5.0, 5.0, 0.0, 61.0, 0.4, 28.0, 1.0, 67.0, 7.6, 29.0, 68.0, 4.0, 5.5, 0.23, 0.0, 18982.0, 0.7, 1.2, 940.0, 1.0, 0.1, 0.0, 960.0, 538.0, 0.5]
14:19:35.736 : Generated Params : [5.0, 5.0, 0.0, 21.0, 0.74, 25.0, 1.0, -12.0, 9.8, 68.0, 37.0, 3.0, 5.5, 0.39, 0.0, 31918.0, 0.9, 0.9, 620.0, 1.0, 0.1, 0.0, 466.0, 672.0, 0.5]
14:19:41.268 : Generated Params : [5.0, 5.0, 0.0, 66.0, 0.35, 93.0, 1.0, -31.0, 4.1, 67.0, 53.0, 6.0, 4.5, 0.35, 0.0, 16827.0, 0.9, 2.0, 440.0, 1.0, 0.1, 0.0, 862.0, 780.0, 0.5]
14:19:49.161 : Generated Params : [5.0, 5.0, 0.0, 68.0, 0.2, 50.0, 1.0, 34.0, 5.1, 61.0, 34.0, 5.5, 5.0, 0.31, 0.0, 27894.0, 0.7, 0.5, 880.0, 1.0, 0.1, 0.0, 304.0, 680.0, 0.5]
14:19:55.372 : Generated Params : [5.0, 5.0, 0.0, 9.0, 0.98, 77.0, 1.0, 40.0, 9.3, 23.0, 68.0, 3.5, 6.0, 0.33, 0.0, 29154.0, 0.9, 1.9, 750.0, 1.0, 0.1, 0.0, 848.0, 834.0, 0.5]
14:20:01.478 : Generated Params : [5.0, 5.0, 0.0, 75.0, 0.74, 66.0, 1.0, -79.0, 10.0, 68.0, 41.0, 5.0, 6.0, 0.29, 0.0, 25223.0, 0.3, 1.7, 810.0, 1.0, 0.1, 0.0, 954.0, 673.0, 0.5]
14:20:07.279 : Generated Params : [5.0, 5.0, 0.0, 60.0, 0.53, -72.0, 1.0, 71.0, 6.3, 31.0, 40.0, 5.5, 4.5, 0.23, 0.0, 20167.0, 0.7, 1.3, 990.0, 1.0, 0.1, 0.0, 922.0, 991.0, 0.5]
14:20:13.288 : Generated Params : [5.0, 5.0, 0.0, 64.0, 0.8, 11.0, 1.0, 84.0, 3.8, 46.0, 58.0, 5.5, 6.0, 0.25, 0.0, 29057.0, 0.7, 0.5, 1000.0, 1.0, 0.1, 0.0, 602.0, 295.0, 0.5]
14:20:18.857 : Generated Params : [5.0, 5.0, 0.0, -58.0, 0.99, 98.0, 1.0, 71.0, 1.9, 53.0, 57.0, 4.5, 5.5, 0.39, 0.0, 13370.0, 0.7, 1.8, 640.0, 1.0, 0.1, 0.0, 10.0, 233.0, 0.5]
14:20:23.709 : Generated Params : [5.0, 5.0, 0.0, -18.0, 0.84, 77.0, 1.0, 46.0, 7.4, 62.0, 66.0, 6.0, 3.5, 0.37, 0.0, 7566.0, 0.4, 1.2, 900.0, 1.0, 0.1, 0.0, 846.0, 431.0, 0.5]
14:20:28.437 : Generated Params : [5.0, 5.0, 0.0, 22.0, 0.99, 91.0, 1.0, 2.0, 4.5, 31.0, 8.0, 5.0, 4.5, 0.33, 0.0, 15655.0, 1.1, 1.9, 380.0, 1.0, 0.1, 0.0, 803.0, 9.0, 0.5]
14:20:33.471 : Generated Params : [5.0, 5.0, 0.0, -8.0, 0.92, -6.0, 1.0, -43.0, 7.1, 69.0, 66.0, 5.5, 4.0, 0.25, 0.0, 26928.0, 0.9, 0.4, 920.0, 1.0, 0.1, 0.0, 663.0, 769.0, 0.5]
14:20:39.111 : Generated Params : [5.0, 5.0, 0.0, 46.0, 0.68, -59.0, 1.0, -37.0, 7.4, 31.0, 61.0, 5.5, 5.5, 0.27, 0.0, 8212.0, 1.1, 1.7, 550.0, 1.0, 0.1, 0.0, 883.0, 332.0, 0.5]
14:20:46.337 : Generated Params : [5.0, 5.0, 0.0, 73.0, 0.9, 74.0, 1.0, 48.0, 5.7, 45.0, 46.0, 6.0, 6.0, 0.33, 0.0, 19535.0, 0.5, 0.5, 820.0, 1.0, 0.1, 0.0, 645.0, 565.0, 0.5]
14:20:51.796 : Generated Params : [5.0, 5.0, 0.0, 43.0, 0.4, 91.0, 1.0, 97.0, 6.4, 23.0, 47.0, 4.0, 4.5, 0.22, 0.0, 28095.0, 0.7, 1.5, 980.0, 1.0, 0.1, 0.0, 907.0, 546.0, 0.5]
14:20:59.038 : Generated Params : [5.0, 5.0, 0.0, 16.0, 0.84, 68.0, 1.0, 48.0, 6.3, 56.0, 62.0, 5.5, 3.0, 0.33, 0.0, 2665.0, 0.9, 1.4, 1000.0, 1.0, 0.1, 0.0, 436.0, 596.0, 0.5]
14:21:04.454 : Generated Params : [5.0, 5.0, 0.0, 83.0, 0.47, 50.0, 1.0, -92.0, 7.0, 31.0, 58.0, 5.0, 5.5, 0.4, 0.0, 1875.0, 1.1, 1.5, 1000.0, 1.0, 0.1, 0.0, 57.0, 8.0, 0.5]
14:21:11.461 : Generated Params : [5.0, 5.0, 0.0, -68.0, 0.92, 67.0, 1.0, 2.0, 5.6, 69.0, 35.0, 5.0, 5.5, 0.29, 0.0, 11565.0, 0.9, 2.0, 80.0, 1.0, 0.1, 0.0, 849.0, 598.0, 0.5]
14:21:17.769 : Generated Params : [5.0, 5.0, 0.0, 25.0, 0.58, 97.0, 1.0, 40.0, 0.4, 57.0, 17.0, 3.5, 5.5, 0.37, 0.0, 23362.0, 0.9, 1.1, 450.0, 1.0, 0.1, 0.0, 715.0, 922.0, 0.5]
14:21:27.427 : ------------------------------------------------------------
14:21:27.427 : Loop #21
14:23:38.442 : Generated Params : [5.0, 5.0, 0.0, 5.0, 0.32, 35.0, 1.0, 97.0, 3.5, 34.0, 58.0, 3.5, 6.0, 0.31, 0.0, 20548.0, 1.1, 0.7, 750.0, 1.0, 0.1, 0.0, 736.0, 893.0, 0.5]
14:23:46.473 : Generated Params : [5.0, 5.0, 0.0, 78.0, 0.91, 83.0, 1.0, 2.0, 0.8, 50.0, 40.0, 6.0, 6.0, 0.33, 0.0, 18452.0, 0.9, 0.3, 210.0, 1.0, 0.1, 0.0, 782.0, 911.0, 0.5]
14:23:52.534 : Generated Params : [5.0, 5.0, 0.0, 49.0, 0.65, 79.0, 1.0, 56.0, 6.8, 44.0, 55.0, 4.0, 6.0, 0.33, 0.0, 30313.0, 0.7, 0.3, 990.0, 1.0, 0.1, 0.0, 288.0, 696.0, 0.5]
14:23:59.691 : Generated Params : [5.0, 5.0, 0.0, -50.0, 0.92, 80.0, 1.0, -16.0, 7.7, 5.0, 48.0, 6.0, 4.0, 0.35, 0.0, 22765.0, 0.7, 1.4, 470.0, 1.0, 0.1, 0.0, 982.0, 334.0, 0.5]
14:24:07.438 : Generated Params : [5.0, 5.0, 0.0, 25.0, 0.8, 86.0, 1.0, 22.0, 9.2, 55.0, 14.0, 5.0, 3.0, 0.17, 0.0, 21996.0, 1.1, 0.5, 870.0, 1.0, 0.1, 0.0, 477.0, 881.0, 0.5]
14:24:11.701 : Generated Params : [5.0, 5.0, 0.0, -62.0, 0.99, -75.0, 1.0, 85.0, 7.5, 68.0, 25.0, 6.0, 6.0, 0.19, 0.0, 13836.0, 0.5, 1.8, 670.0, 1.0, 0.1, 0.0, 815.0, 523.0, 0.5]
14:25:32.628 : ------------------------------------------------------------
14:25:32.628 : Loop #22
14:29:27.804 : ------------------------------------------------------------
14:29:27.804 : Loop #23
14:31:44.068 : Generated Params : [5.0, 5.0, 0.0, -24.0, 0.3, 50.0, 1.0, 98.0, 9.0, 66.0, 61.0, 6.0, 5.5, 0.39, 0.0, 20187.0, 0.5, 1.3, 420.0, 1.0, 0.1, 0.0, 755.0, 116.0, 0.5]
14:31:50.167 : Generated Params : [5.0, 5.0, 0.0, 34.0, 0.88, 99.0, 1.0, 96.0, 9.6, 57.0, 46.0, 4.5, 5.5, 0.21, 0.0, 21667.0, 1.1, 1.8, 380.0, 1.0, 0.1, 0.0, 937.0, 768.0, 0.5]
14:31:56.073 : Generated Params : [5.0, 5.0, 0.0, 97.0, 0.86, -6.0, 1.0, -58.0, 6.5, 25.0, 58.0, 5.5, 6.0, 0.27, 0.0, 21605.0, 0.7, 0.7, 810.0, 1.0, 0.1, 0.0, 751.0, 867.0, 0.5]
14:32:01.935 : Generated Params : [5.0, 5.0, 0.0, 65.0, 0.13, 100.0, 1.0, 20.0, 4.7, 14.0, 50.0, 3.5, 5.5, 0.31, 0.0, 9625.0, 0.9, 1.3, 780.0, 1.0, 0.1, 0.0, 94.0, 489.0, 0.5]
14:32:06.652 : Generated Params : [5.0, 5.0, 0.0, 40.0, 0.63, 60.0, 1.0, 13.0, 8.3, 70.0, 7.0, 6.0, 4.5, 0.23, 0.0, 22535.0, 0.9, 0.4, 960.0, 1.0, 0.1, 0.0, 797.0, 375.0, 0.5]
14:32:12.506 : Generated Params : [5.0, 5.0, 0.0, 64.0, 0.97, 85.0, 1.0, 71.0, 3.2, 44.0, 23.0, 5.5, 4.5, 0.2, 0.0, 31386.0, 1.1, 0.7, 890.0, 1.0, 0.1, 0.0, 904.0, 709.0, 0.5]
14:32:16.917 : Generated Params : [5.0, 5.0, 0.0, 2.0, 0.5, -43.0, 1.0, 75.0, 2.8, 23.0, 44.0, 4.5, 6.0, 0.37, 0.0, 10778.0, 0.9, 0.3, 1000.0, 1.0, 0.1, 0.0, 783.0, 654.0, 0.5]
14:32:22.060 : Generated Params : [5.0, 5.0, 0.0, -20.0, 0.63, 45.0, 1.0, 87.0, 7.7, 55.0, 56.0, 5.5, 6.0, 0.33, 0.0, 30953.0, 0.9, 1.7, 740.0, 1.0, 0.1, 0.0, 842.0, 703.0, 0.5]
14:32:27.039 : Generated Params : [5.0, 5.0, 0.0, 37.0, 0.8, 85.0, 1.0, 24.0, 7.3, 63.0, 58.0, 4.5, 4.5, 0.37, 0.0, 7874.0, 0.7, 1.4, 450.0, 1.0, 0.1, 0.0, 934.0, 829.0, 0.5]
14:32:31.012 : Generated Params : [5.0, 5.0, 0.0, -68.0, 0.29, 75.0, 1.0, -53.0, 6.9, 15.0, 11.0, 3.5, 2.5, 0.27, 0.0, 10584.0, 0.7, 0.7, 530.0, 1.0, 0.1, 0.0, 747.0, 643.0, 0.5]
14:32:35.119 : Generated Params : [5.0, 5.0, 0.0, -13.0, 0.91, 64.0, 1.0, -25.0, 6.9, 33.0, 47.0, 6.0, 6.0, 0.33, 0.0, 23244.0, 1.1, 1.3, 890.0, 1.0, 0.1, 0.0, 932.0, 747.0, 0.5]
14:32:39.122 : Generated Params : [5.0, 5.0, 0.0, 20.0, 0.9, -10.0, 1.0, 88.0, 6.4, 66.0, 28.0, 5.0, 4.0, 0.23, 0.0, 15051.0, 1.1, 1.8, 450.0, 1.0, 0.1, 0.0, 641.0, 835.0, 0.5]
14:32:43.243 : Generated Params : [5.0, 5.0, 0.0, 38.0, 0.61, -43.0, 1.0, 62.0, 3.5, 64.0, 63.0, 4.5, 5.5, 0.37, 0.0, 19973.0, 0.9, 1.3, 650.0, 1.0, 0.1, 0.0, 972.0, 839.0, 0.5]
14:32:47.311 : Generated Params : [5.0, 5.0, 0.0, -52.0, 0.06, 89.0, 1.0, 88.0, 7.5, 17.0, 69.0, 5.0, 4.0, 0.31, 0.0, 13301.0, 0.3, 0.9, 940.0, 1.0, 0.1, 0.0, 513.0, 653.0, 0.5]
14:32:51.492 : Generated Params : [5.0, 5.0, 0.0, 65.0, 0.86, -12.0, 1.0, 67.0, 8.7, 23.0, 59.0, 2.5, 6.0, 0.12, 0.0, 28578.0, 0.7, 0.4, 570.0, 1.0, 0.1, 0.0, 834.0, 654.0, 0.5]
14:32:57.026 : Generated Params : [5.0, 5.0, 0.0, 73.0, 0.63, -41.0, 1.0, -56.0, 9.8, 57.0, 48.0, 3.5, 6.0, 0.39, 0.0, 27705.0, 0.5, 1.7, 240.0, 1.0, 0.1, 0.0, 571.0, 398.0, 0.5]
14:33:01.091 : Generated Params : [5.0, 5.0, 0.0, 16.0, 0.8, 81.0, 1.0, 49.0, 3.4, 40.0, 69.0, 4.5, 6.0, 0.23, 0.0, 31397.0, 1.1, 0.3, 480.0, 1.0, 0.1, 0.0, 673.0, 958.0, 0.5]
14:33:07.221 : Generated Params : [5.0, 5.0, 0.0, 92.0, 0.67, 71.0, 1.0, 66.0, 6.1, 58.0, 5.0, 5.5, 3.5, 0.39, 0.0, 16154.0, 0.5, 1.7, 630.0, 1.0, 0.1, 0.0, 440.0, 815.0, 0.5]
14:33:11.269 : Generated Params : [5.0, 5.0, 0.0, 3.0, 0.79, 99.0, 1.0, -53.0, 4.1, 70.0, 67.0, 5.5, 3.0, 0.15, 0.0, 5599.0, 0.3, 1.1, 1000.0, 1.0, 0.1, 0.0, 677.0, 807.0, 0.5]
14:33:15.323 : Generated Params : [5.0, 5.0, 0.0, -18.0, 0.98, -81.0, 1.0, -39.0, 8.3, 62.0, 59.0, 5.0, 6.0, 0.33, 0.0, 13837.0, 1.1, 1.8, 480.0, 1.0, 0.1, 0.0, 338.0, 362.0, 0.5]
14:33:19.356 : Generated Params : [5.0, 5.0, 0.0, 45.0, 0.62, 31.0, 1.0, 99.0, 10.1, 46.0, 46.0, 5.5, 3.0, 0.25, 0.0, 29264.0, 0.9, 1.7, 350.0, 1.0, 0.1, 0.0, 578.0, 775.0, 0.5]
14:33:23.390 : Generated Params : [5.0, 5.0, 0.0, 87.0, 0.87, 74.0, 1.0, 14.0, 6.9, 33.0, 45.0, 5.5, 5.0, 0.25, 0.0, 27576.0, 0.7, 1.1, 940.0, 1.0, 0.1, 0.0, 913.0, 575.0, 0.5]
14:33:27.679 : Generated Params : [5.0, 5.0, 0.0, -99.0, 0.87, 30.0, 1.0, -94.0, 5.7, 69.0, 57.0, 5.0, 6.0, 0.27, 0.0, 30130.0, 0.7, 0.5, 820.0, 1.0, 0.1, 0.0, 717.0, 853.0, 0.5]
14:33:33.278 : Generated Params : [5.0, 5.0, 0.0, 46.0, 0.69, 25.0, 1.0, 8.0, 9.3, 17.0, 59.0, 3.0, 6.0, 0.27, 0.0, 19799.0, 0.4, 1.5, 690.0, 1.0, 0.1, 0.0, 843.0, 946.0, 0.5]
14:33:37.314 : Generated Params : [5.0, 5.0, 0.0, 79.0, 0.09, 76.0, 1.0, 98.0, 6.1, 62.0, 68.0, 6.0, 4.5, 0.24, 0.0, 31324.0, 0.9, 1.2, 630.0, 1.0, 0.1, 0.0, 447.0, 630.0, 0.5]
14:33:44.288 : ------------------------------------------------------------
14:33:44.288 : Loop #24
14:36:38.287 : Generated Params : [5.0, 5.0, 0.0, -99.0, 0.8, 25.0, 1.0, 71.0, 0.8, 52.0, 17.0, 6.0, 4.5, 0.25, 0.0, 25828.0, 0.9, 1.2, 770.0, 1.0, 0.1, 0.0, 866.0, 977.0, 0.5]
14:36:44.075 : Generated Params : [5.0, 5.0, 0.0, 91.0, 0.93, -24.0, 1.0, -17.0, 1.9, 47.0, 62.0, 4.5, 5.5, 0.37, 0.0, 6577.0, 0.9, 1.4, 20.0, 1.0, 0.1, 0.0, 318.0, 940.0, 0.5]
14:36:49.986 : Generated Params : [5.0, 5.0, 0.0, -38.0, 0.86, 25.0, 1.0, 99.0, 5.7, 62.0, 46.0, 6.0, 4.5, 0.27, 0.0, 12902.0, 0.5, 1.3, 130.0, 1.0, 0.1, 0.0, 201.0, 886.0, 0.5]
14:36:54.839 : Generated Params : [5.0, 5.0, 0.0, 77.0, 0.79, 92.0, 1.0, -89.0, 9.4, 28.0, 59.0, 6.0, 6.0, 0.33, 0.0, 4584.0, 0.5, 0.9, 810.0, 1.0, 0.1, 0.0, 653.0, 927.0, 0.5]
14:37:00.172 : Generated Params : [5.0, 5.0, 0.0, -23.0, 0.94, 51.0, 1.0, 80.0, 8.2, 67.0, 58.0, 2.5, 3.0, 0.16, 0.0, 5278.0, 0.9, 1.4, 550.0, 1.0, 0.1, 0.0, 825.0, 972.0, 0.5]
14:37:05.919 : Generated Params : [5.0, 5.0, 0.0, 22.0, 0.33, 72.0, 1.0, -8.0, 3.8, 55.0, 57.0, 6.0, 6.0, 0.35, 0.0, 19935.0, 0.5, 1.3, 500.0, 1.0, 0.1, 0.0, 867.0, 424.0, 0.5]
14:37:10.765 : Generated Params : [5.0, 5.0, 0.0, 52.0, 0.99, 25.0, 1.0, 37.0, 9.6, 68.0, 14.0, 3.0, 6.0, 0.31, 0.0, 26347.0, 0.9, 1.8, 990.0, 1.0, 0.1, 0.0, 820.0, 181.0, 0.5]
14:37:16.180 : Generated Params : [5.0, 5.0, 0.0, 67.0, 0.56, -44.0, 1.0, 75.0, 9.9, 61.0, 3.0, 5.0, 6.0, 0.35, 0.0, 21671.0, 0.9, 1.1, 690.0, 1.0, 0.1, 0.0, 215.0, 992.0, 0.5]
14:37:22.311 : Generated Params : [5.0, 5.0, 0.0, 3.0, 0.58, 60.0, 1.0, 89.0, 6.9, 14.0, 23.0, 6.0, 6.0, 0.21, 0.0, 30518.0, 0.5, 2.0, 520.0, 1.0, 0.1, 0.0, 950.0, 686.0, 0.5]
14:37:28.091 : Generated Params : [5.0, 5.0, 0.0, -56.0, 0.2, 1.0, 1.0, 91.0, 6.9, 35.0, 29.0, 2.5, 6.0, 0.31, 0.0, 12556.0, 0.3, 1.8, 470.0, 1.0, 0.1, 0.0, 991.0, 944.0, 0.5]
14:37:34.140 : Generated Params : [5.0, 5.0, 0.0, 47.0, 0.96, 100.0, 1.0, -76.0, 9.9, 14.0, 20.0, 5.0, 5.0, 0.17, 0.0, 24601.0, 0.7, 0.2, 610.0, 1.0, 0.1, 0.0, 555.0, 840.0, 0.5]
14:37:43.178 : ------------------------------------------------------------
14:37:43.178 : Loop #25
14:39:53.137 : Generated Params : [5.0, 5.0, 0.0, -32.0, 0.84, 38.0, 1.0, 90.0, 8.3, 67.0, 61.0, 3.0, 6.0, 0.39, 0.0, 4212.0, 0.7, 2.0, 130.0, 1.0, 0.1, 0.0, 278.0, 1000.0, 0.5]
14:39:58.891 : Generated Params : [5.0, 5.0, 0.0, -99.0, 0.65, 64.0, 1.0, 50.0, 8.4, 58.0, 66.0, 3.0, 5.5, 0.37, 0.0, 30334.0, 1.1, 0.3, 740.0, 1.0, 0.1, 0.0, 950.0, 823.0, 0.5]
14:40:03.798 : Generated Params : [5.0, 5.0, 0.0, 77.0, 0.69, 79.0, 1.0, 89.0, 5.6, 40.0, 10.0, 6.0, 3.0, 0.4, 0.0, 12803.0, 0.7, 0.4, 820.0, 1.0, 0.1, 0.0, 857.0, 820.0, 0.5]
14:40:09.361 : Generated Params : [5.0, 5.0, 0.0, 36.0, 0.8, 21.0, 1.0, -13.0, 6.9, 29.0, 70.0, 5.0, 3.0, 0.37, 0.0, 24375.0, 0.3, 1.9, 630.0, 1.0, 0.1, 0.0, 348.0, 847.0, 0.5]
14:40:15.153 : Generated Params : [5.0, 5.0, 0.0, 66.0, 0.8, 84.0, 1.0, -24.0, 8.4, 58.0, 20.0, 5.5, 2.5, 0.17, 0.0, 30173.0, 0.2, 0.4, 1000.0, 1.0, 0.1, 0.0, 718.0, 612.0, 0.5]
14:40:20.931 : Generated Params : [5.0, 5.0, 0.0, 17.0, 0.98, -58.0, 1.0, -23.0, 10.0, 37.0, 62.0, 4.5, 4.5, 0.31, 0.0, 30212.0, 0.9, 1.7, 440.0, 1.0, 0.1, 0.0, 420.0, 659.0, 0.5]
14:40:25.829 : Generated Params : [5.0, 5.0, 0.0, 68.0, 0.59, 66.0, 1.0, 37.0, 6.2, 44.0, 41.0, 5.0, 6.0, 0.37, 0.0, 27789.0, 0.7, 1.3, 410.0, 1.0, 0.1, 0.0, 783.0, 276.0, 0.5]
14:40:31.572 : Generated Params : [5.0, 5.0, 0.0, -79.0, 0.32, -45.0, 1.0, 97.0, 4.7, 46.0, 57.0, 6.0, 6.0, 0.17, 0.0, 31233.0, 0.9, 1.2, 610.0, 1.0, 0.1, 0.0, 654.0, 982.0, 0.5]
14:40:36.518 : Generated Params : [5.0, 5.0, 0.0, -12.0, 0.35, 72.0, 1.0, 15.0, 5.9, 56.0, 63.0, 5.5, 6.0, 0.29, 0.0, 24435.0, 0.4, 1.9, 510.0, 1.0, 0.1, 0.0, 903.0, 778.0, 0.5]
14:40:41.594 : Generated Params : [5.0, 5.0, 0.0, -62.0, 0.38, -33.0, 1.0, 72.0, 2.6, 66.0, 45.0, 3.0, 6.0, 0.17, 0.0, 28879.0, 1.1, 1.9, 650.0, 1.0, 0.1, 0.0, 163.0, 792.0, 0.5]
14:40:46.413 : Generated Params : [5.0, 5.0, 0.0, 83.0, 0.24, -76.0, 1.0, 42.0, 6.5, 57.0, 68.0, 5.5, 6.0, 0.27, 0.0, 30633.0, 0.5, 2.0, 670.0, 1.0, 0.1, 0.0, 641.0, 186.0, 0.5]
14:40:51.406 : Generated Params : [5.0, 5.0, 0.0, 96.0, 0.86, -6.0, 1.0, -29.0, 1.9, 67.0, 40.0, 5.5, 4.5, 0.27, 0.0, 21201.0, 0.7, 1.3, 630.0, 1.0, 0.1, 0.0, 784.0, 819.0, 0.5]
14:40:57.212 : Generated Params : [5.0, 5.0, 0.0, 81.0, 0.69, 100.0, 1.0, -1.0, 7.7, 10.0, 55.0, 6.0, 4.5, 0.29, 0.0, 24410.0, 0.7, 1.9, 240.0, 1.0, 0.1, 0.0, 687.0, 973.0, 0.5]
14:41:03.338 : Generated Params : [5.0, 5.0, 0.0, 75.0, 0.9, 20.0, 1.0, -20.0, 5.1, 51.0, 67.0, 3.5, 5.0, 0.27, 0.0, 27257.0, 0.2, 1.2, 960.0, 1.0, 0.1, 0.0, 806.0, 160.0, 0.5]
14:41:09.228 : Generated Params : [5.0, 5.0, 0.0, 79.0, 0.7, 75.0, 1.0, 2.0, 9.9, 66.0, 61.0, 3.5, 5.0, 0.29, 0.0, 23288.0, 0.7, 0.7, 350.0, 1.0, 0.1, 0.0, 736.0, 874.0, 0.5]
14:41:15.167 : Generated Params : [5.0, 5.0, 0.0, 24.0, 0.44, 64.0, 1.0, 70.0, 8.2, 52.0, 63.0, 4.5, 5.5, 0.33, 0.0, 18900.0, 0.9, 1.1, 680.0, 1.0, 0.1, 0.0, 539.0, 857.0, 0.5]
14:41:20.736 : Generated Params : [5.0, 5.0, 0.0, 0.0, 0.92, 21.0, 1.0, 61.0, 9.9, 67.0, 66.0, 6.0, 2.5, 0.16, 0.0, 26977.0, 0.5, 0.9, 990.0, 1.0, 0.1, 0.0, 225.0, 912.0, 0.5]
14:41:25.765 : Generated Params : [5.0, 5.0, 0.0, 26.0, 0.91, 77.0, 1.0, 76.0, 5.8, 10.0, 57.0, 4.0, 4.0, 0.39, 0.0, 28085.0, 0.7, 1.2, 630.0, 1.0, 0.1, 0.0, 137.0, 899.0, 0.5]
14:41:31.867 : Generated Params : [5.0, 5.0, 0.0, 70.0, 0.78, -84.0, 1.0, 40.0, 7.6, 40.0, 26.0, 6.0, 4.5, 0.31, 0.0, 26497.0, 0.7, 1.9, 740.0, 1.0, 0.1, 0.0, 297.0, 685.0, 0.5]
14:41:37.659 : Generated Params : [5.0, 5.0, 0.0, 38.0, 0.11, 62.0, 1.0, 73.0, 6.2, 39.0, 51.0, 6.0, 5.5, 0.39, 0.0, 23340.0, 0.9, 1.3, 840.0, 1.0, 0.1, 0.0, 309.0, 304.0, 0.5]
14:41:42.382 : Generated Params : [5.0, 5.0, 0.0, 17.0, 0.23, 87.0, 1.0, -26.0, 8.2, 52.0, 20.0, 6.0, 3.5, 0.31, 0.0, 19337.0, 1.1, 2.0, 820.0, 1.0, 0.1, 0.0, 649.0, 814.0, 0.5]