
21:57:15.096 : ============================================================

21:57:15.096 : {'window_size_lstm': 3, 'window_size_vio': 15}
21:57:15.247 : ------------------------------------------------------------
21:57:15.247 : Loop #1
21:58:49.147 : Generated Params : [50.0, 1760.0, 0.0, 0.0, 1.0, -90.0, 0.0, 0.0, 0.0, 0.0, 0.0, 0.0, 0.0, 0.0, 0.0, 0.0, 0.0, 0.1, 77.1, 0.1, 0.0, 3.0, -50.0, 7600.0, 0.05]
21:58:52.939 : Generated Params : [90.0, 2060.0, 0.0, 0.0, 1.0, 59.0, 0.0, 0.0, 0.0, 0.0, 0.0, 0.0, 0.0, 0.0, 0.0, 0.0, 0.0, 0.1, 94.1, 0.1, 0.0, 38.0, -99.0, 3297.0, 0.05]
21:58:57.221 : Generated Params : [170.0, 7250.0, 0.0, 0.0, 1.0, -88.0, 0.0, 0.0, 0.0, 0.0, 0.0, 0.0, 0.0, 0.0, 0.0, 0.0, 0.0, 0.1, 41.1, 0.1, 0.0, 41.0, -84.0, 4793.0, 0.05]
21:59:01.537 : Generated Params : [60.0, 1390.0, 0.0, 0.0, 1.0, 20.0, 0.0, 0.0, 0.0, 0.0, 0.0, 0.0, 0.0, 0.0, 0.0, 0.0, 0.0, 0.1, 84.1, 0.1, 0.0, 38.0, -20.0, 2990.0, 0.05]
21:59:05.336 : Generated Params : [80.0, 3410.0, 0.0, 0.0, 1.0, 17.0, 0.0, 0.0, 0.0, 0.0, 0.0, 0.0, 0.0, 0.0, 0.0, 0.0, 0.0, 0.1, 26.1, 0.1, 0.0, 5.0, -37.0, 615.0, 0.05]
21:59:09.232 : Generated Params : [80.0, 2540.0, 0.0, 0.0, 1.0, -76.0, 0.0, 0.0, 0.0, 0.0, 0.0, 0.0, 0.0, 0.0, 0.0, 0.0, 0.0, 0.1, 74.1, 0.1, 0.0, 40.0, -76.0, 2100.0, 0.05]
21:59:13.142 : Generated Params : [200.0, 4950.0, 0.0, 0.0, 1.0, -81.0, 0.0, 0.0, 0.0, 0.0, 0.0, 0.0, 0.0, 0.0, 0.0, 0.0, 0.0, 0.1, 8.1, 0.1, 0.0, 98.0, -36.0, 1604.0, 0.05]
21:59:17.172 : Generated Params : [80.0, 2810.0, 0.0, 0.0, 1.0, -29.0, 0.0, 0.0, 0.0, 0.0, 0.0, 0.0, 0.0, 0.0, 0.0, 0.0, 0.0, 0.1, 78.1, 0.1, 0.0, 62.0, 9.0, 120.0, 0.05]
21:59:21.160 : Generated Params : [150.0, 2550.0, 0.0, 0.0, 1.0, 74.0, 0.0, 0.0, 0.0, 0.0, 0.0, 0.0, 0.0, 0.0, 0.0, 0.0, 0.0, 0.1, 50.1, 0.1, 0.0, 23.0, -62.0, 2658.0, 0.05]
21:59:25.138 : Generated Params : [70.0, 1010.0, 0.0, 0.0, 1.0, 45.0, 0.0, 0.0, 0.0, 0.0, 0.0, 0.0, 0.0, 0.0, 0.0, 0.0, 0.0, 0.1, 54.1, 0.1, 0.0, 5.0, -47.0, 3442.0, 0.05]
21:59:29.164 : Generated Params : [120.0, 8290.0, 0.0, 0.0, 1.0, -4.0, 0.0, 0.0, 0.0, 0.0, 0.0, 0.0, 0.0, 0.0, 0.0, 0.0, 0.0, 0.1, 13.1, 0.1, 0.0, 33.0, -55.0, 2482.0, 0.05]
21:59:33.325 : Generated Params : [150.0, 4400.0, 0.0, 0.0, 1.0, -96.0, 0.0, 0.0, 0.0, 0.0, 0.0, 0.0, 0.0, 0.0, 0.0, 0.0, 0.0, 0.1, 15.1, 0.1, 0.0, 15.0, -92.0, 3367.0, 0.05]
21:59:37.461 : Generated Params : [50.0, 8670.0, 0.0, 0.0, 1.0, -33.0, 0.0, 0.0, 0.0, 0.0, 0.0, 0.0, 0.0, 0.0, 0.0, 0.0, 0.0, 0.1, 94.1, 0.1, 0.0, 67.0, -99.0, 735.0, 0.05]
21:59:41.337 : Generated Params : [90.0, 2590.0, 0.0, 0.0, 1.0, -37.0, 0.0, 0.0, 0.0, 0.0, 0.0, 0.0, 0.0, 0.0, 0.0, 0.0, 0.0, 0.1, 60.1, 0.1, 0.0, 41.0, 28.0, 7216.0, 0.05]
21:59:45.285 : Generated Params : [140.0, 1510.0, 0.0, 0.0, 1.0, -52.0, 0.0, 0.0, 0.0, 0.0, 0.0, 0.0, 0.0, 0.0, 0.0, 0.0, 0.0, 0.1, 21.1, 0.1, 0.0, 80.0, 11.0, 523.0, 0.05]
21:59:49.280 : Generated Params : [120.0, 7430.0, 0.0, 0.0, 1.0, -19.0, 0.0, 0.0, 0.0, 0.0, 0.0, 0.0, 0.0, 0.0, 0.0, 0.0, 0.0, 0.1, 2.1, 0.1, 0.0, 35.0, 35.0, 4127.0, 0.05]
21:59:53.529 : Generated Params : [50.0, 4240.0, 0.0, 0.0, 1.0, 98.0, 0.0, 0.0, 0.0, 0.0, 0.0, 0.0, 0.0, 0.0, 0.0, 0.0, 0.0, 0.1, 61.1, 0.1, 0.0, 38.0, -76.0, 6514.0, 0.05]
21:59:57.349 : Generated Params : [150.0, 8640.0, 0.0, 0.0, 1.0, -33.0, 0.0, 0.0, 0.0, 0.0, 0.0, 0.0, 0.0, 0.0, 0.0, 0.0, 0.0, 0.1, 16.1, 0.1, 0.0, 9.0, -81.0, 6906.0, 0.05]
22:00:01.307 : Generated Params : [70.0, 930.0, 0.0, 0.0, 1.0, 88.0, 0.0, 0.0, 0.0, 0.0, 0.0, 0.0, 0.0, 0.0, 0.0, 0.0, 0.0, 0.1, 47.1, 0.1, 0.0, 63.0, -81.0, 3074.0, 0.05]
22:00:05.266 : Generated Params : [200.0, 6090.0, 0.0, 0.0, 1.0, -41.0, 0.0, 0.0, 0.0, 0.0, 0.0, 0.0, 0.0, 0.0, 0.0, 0.0, 0.0, 0.1, 58.1, 0.1, 0.0, 13.0, -52.0, 7825.0, 0.05]
22:00:09.258 : Generated Params : [90.0, 2760.0, 0.0, 0.0, 1.0, -74.0, 0.0, 0.0, 0.0, 0.0, 0.0, 0.0, 0.0, 0.0, 0.0, 0.0, 0.0, 0.1, 39.1, 0.1, 0.0, 29.0, 45.0, 4026.0, 0.05]
22:00:13.319 : Generated Params : [50.0, 3980.0, 0.0, 0.0, 1.0, -68.0, 0.0, 0.0, 0.0, 0.0, 0.0, 0.0, 0.0, 0.0, 0.0, 0.0, 0.0, 0.1, 100.1, 0.1, 0.0, 86.0, -6.0, 169.0, 0.05]
22:00:18.651 : ------------------------------------------------------------
22:00:18.651 : Loop #2
22:01:55.357 : Generated Params : [140.0, 2810.0, 0.0, 0.0, 1.0, -6.0, 0.0, 0.0, 0.0, 0.0, 0.0, 0.0, 0.0, 0.0, 0.0, 0.0, 0.0, 0.1, 40.1, 0.1, 0.0, 24.0, -36.0, 9829.0, 0.05]
22:02:00.354 : Generated Params : [80.0, 2780.0, 0.0, 0.0, 1.0, -84.0, 0.0, 0.0, 0.0, 0.0, 0.0, 0.0, 0.0, 0.0, 0.0, 0.0, 0.0, 0.1, 36.1, 0.1, 0.0, 46.0, -87.0, 2187.0, 0.05]
22:02:05.454 : Generated Params : [80.0, 5450.0, 0.0, 0.0, 1.0, 40.0, 0.0, 0.0, 0.0, 0.0, 0.0, 0.0, 0.0, 0.0, 0.0, 0.0, 0.0, 0.1, 29.1, 0.1, 0.0, 14.0, -81.0, 3820.0, 0.05]
22:02:09.595 : Generated Params : [130.0, 6680.0, 0.0, 0.0, 1.0, 22.0, 0.0, 0.0, 0.0, 0.0, 0.0, 0.0, 0.0, 0.0, 0.0, 0.0, 0.0, 0.1, 64.1, 0.1, 0.0, 38.0, -96.0, 1774.0, 0.05]
22:02:13.637 : Generated Params : [60.0, 160.0, 0.0, 0.0, 1.0, -32.0, 0.0, 0.0, 0.0, 0.0, 0.0, 0.0, 0.0, 0.0, 0.0, 0.0, 0.0, 0.1, 1.1, 0.1, 0.0, 62.0, 63.0, 6004.0, 0.05]
22:02:18.186 : Generated Params : [60.0, 200.0, 0.0, 0.0, 1.0, -36.0, 0.0, 0.0, 0.0, 0.0, 0.0, 0.0, 0.0, 0.0, 0.0, 0.0, 0.0, 0.1, 50.1, 0.1, 0.0, 27.0, -36.0, 1965.0, 0.05]
22:02:22.089 : Generated Params : [80.0, 6300.0, 0.0, 0.0, 1.0, -59.0, 0.0, 0.0, 0.0, 0.0, 0.0, 0.0, 0.0, 0.0, 0.0, 0.0, 0.0, 0.1, 15.1, 0.1, 0.0, 76.0, 56.0, 121.0, 0.05]
22:02:25.999 : Generated Params : [100.0, 4020.0, 0.0, 0.0, 1.0, -89.0, 0.0, 0.0, 0.0, 0.0, 0.0, 0.0, 0.0, 0.0, 0.0, 0.0, 0.0, 0.1, 50.1, 0.1, 0.0, 21.0, -96.0, 880.0, 0.05]
22:02:29.932 : Generated Params : [100.0, 270.0, 0.0, 0.0, 1.0, -32.0, 0.0, 0.0, 0.0, 0.0, 0.0, 0.0, 0.0, 0.0, 0.0, 0.0, 0.0, 0.1, 7.1, 0.1, 0.0, 50.0, 91.0, 229.0, 0.05]
22:02:34.217 : Generated Params : [60.0, 3160.0, 0.0, 0.0, 1.0, 67.0, 0.0, 0.0, 0.0, 0.0, 0.0, 0.0, 0.0, 0.0, 0.0, 0.0, 0.0, 0.1, 61.1, 0.1, 0.0, 56.0, -89.0, 3284.0, 0.05]
22:02:38.035 : Generated Params : [50.0, 1580.0, 0.0, 0.0, 1.0, -50.0, 0.0, 0.0, 0.0, 0.0, 0.0, 0.0, 0.0, 0.0, 0.0, 0.0, 0.0, 0.1, 25.1, 0.1, 0.0, 11.0, 51.0, 2600.0, 0.05]
22:02:42.138 : Generated Params : [50.0, 730.0, 0.0, 0.0, 1.0, -29.0, 0.0, 0.0, 0.0, 0.0, 0.0, 0.0, 0.0, 0.0, 0.0, 0.0, 0.0, 0.1, 35.1, 0.1, 0.0, 20.0, -14.0, 1602.0, 0.05]
22:02:45.935 : Generated Params : [130.0, 3050.0, 0.0, 0.0, 1.0, -65.0, 0.0, 0.0, 0.0, 0.0, 0.0, 0.0, 0.0, 0.0, 0.0, 0.0, 0.0, 0.1, 16.1, 0.1, 0.0, 37.0, -58.0, 571.0, 0.05]
22:02:50.276 : Generated Params : [50.0, 1230.0, 0.0, 0.0, 1.0, -49.0, 0.0, 0.0, 0.0, 0.0, 0.0, 0.0, 0.0, 0.0, 0.0, 0.0, 0.0, 0.1, 67.1, 0.1, 0.0, 18.0, -37.0, 2967.0, 0.05]
22:02:54.103 : Generated Params : [160.0, 530.0, 0.0, 0.0, 1.0, 38.0, 0.0, 0.0, 0.0, 0.0, 0.0, 0.0, 0.0, 0.0, 0.0, 0.0, 0.0, 0.1, 18.1, 0.1, 0.0, 47.0, -84.0, 1634.0, 0.05]
22:02:57.889 : Generated Params : [140.0, 710.0, 0.0, 0.0, 1.0, -84.0, 0.0, 0.0, 0.0, 0.0, 0.0, 0.0, 0.0, 0.0, 0.0, 0.0, 0.0, 0.1, 52.1, 0.1, 0.0, 65.0, -97.0, 4019.0, 0.05]
22:03:02.244 : Generated Params : [120.0, 9860.0, 0.0, 0.0, 1.0, -97.0, 0.0, 0.0, 0.0, 0.0, 0.0, 0.0, 0.0, 0.0, 0.0, 0.0, 0.0, 0.1, 4.1, 0.1, 0.0, 2.0, -59.0, 3764.0, 0.05]
22:03:06.021 : Generated Params : [70.0, 3030.0, 0.0, 0.0, 1.0, -33.0, 0.0, 0.0, 0.0, 0.0, 0.0, 0.0, 0.0, 0.0, 0.0, 0.0, 0.0, 0.1, 10.1, 0.1, 0.0, 2.0, 13.0, 179.0, 0.05]
22:03:09.905 : Generated Params : [50.0, 6960.0, 0.0, 0.0, 1.0, 55.0, 0.0, 0.0, 0.0, 0.0, 0.0, 0.0, 0.0, 0.0, 0.0, 0.0, 0.0, 0.1, 4.1, 0.1, 0.0, 33.0, -68.0, 217.0, 0.05]
22:03:14.190 : Generated Params : [100.0, 670.0, 0.0, 0.0, 1.0, -90.0, 0.0, 0.0, 0.0, 0.0, 0.0, 0.0, 0.0, 0.0, 0.0, 0.0, 0.0, 0.1, 25.1, 0.1, 0.0, 68.0, 60.0, 4597.0, 0.05]
22:03:17.983 : Generated Params : [120.0, 450.0, 0.0, 0.0, 1.0, 36.0, 0.0, 0.0, 0.0, 0.0, 0.0, 0.0, 0.0, 0.0, 0.0, 0.0, 0.0, 0.1, 80.1, 0.1, 0.0, 46.0, -74.0, 3983.0, 0.05]
22:03:22.887 : Generated Params : [200.0, 1460.0, 0.0, 0.0, 1.0, 85.0, 0.0, 0.0, 0.0, 0.0, 0.0, 0.0, 0.0, 0.0, 0.0, 0.0, 0.0, 0.1, 45.1, 0.1, 0.0, 26.0, -89.0, 307.0, 0.05]
22:03:30.752 : ------------------------------------------------------------
22:03:30.753 : Loop #3
22:05:05.103 : Generated Params : [70.0, 5660.0, 0.0, 0.0, 1.0, -84.0, 0.0, 0.0, 0.0, 0.0, 0.0, 0.0, 0.0, 0.0, 0.0, 0.0, 0.0, 0.1, 40.1, 0.1, 0.0, 9.0, -29.0, 9173.0, 0.05]
22:05:09.052 : Generated Params : [60.0, 1800.0, 0.0, 0.0, 1.0, 38.0, 0.0, 0.0, 0.0, 0.0, 0.0, 0.0, 0.0, 0.0, 0.0, 0.0, 0.0, 0.1, 18.1, 0.1, 0.0, 32.0, -2.0, 6923.0, 0.05]
22:05:13.088 : Generated Params : [110.0, 4570.0, 0.0, 0.0, 1.0, -75.0, 0.0, 0.0, 0.0, 0.0, 0.0, 0.0, 0.0, 0.0, 0.0, 0.0, 0.0, 0.1, 87.1, 0.1, 0.0, 14.0, -6.0, 3541.0, 0.05]
22:05:16.987 : Generated Params : [200.0, 8790.0, 0.0, 0.0, 1.0, 5.0, 0.0, 0.0, 0.0, 0.0, 0.0, 0.0, 0.0, 0.0, 0.0, 0.0, 0.0, 0.1, 70.1, 0.1, 0.0, 32.0, -74.0, 2843.0, 0.05]
22:05:21.232 : Generated Params : [130.0, 1770.0, 0.0, 0.0, 1.0, -45.0, 0.0, 0.0, 0.0, 0.0, 0.0, 0.0, 0.0, 0.0, 0.0, 0.0, 0.0, 0.1, 10.1, 0.1, 0.0, 91.0, -52.0, 7930.0, 0.05]
22:05:25.110 : Generated Params : [170.0, 2500.0, 0.0, 0.0, 1.0, -89.0, 0.0, 0.0, 0.0, 0.0, 0.0, 0.0, 0.0, 0.0, 0.0, 0.0, 0.0, 0.1, 61.1, 0.1, 0.0, 8.0, -6.0, 2537.0, 0.05]
22:05:29.038 : Generated Params : [90.0, 3310.0, 0.0, 0.0, 1.0, -25.0, 0.0, 0.0, 0.0, 0.0, 0.0, 0.0, 0.0, 0.0, 0.0, 0.0, 0.0, 0.1, 94.1, 0.1, 0.0, 17.0, 23.0, 4288.0, 0.05]
22:05:33.063 : Generated Params : [100.0, 4070.0, 0.0, 0.0, 1.0, -29.0, 0.0, 0.0, 0.0, 0.0, 0.0, 0.0, 0.0, 0.0, 0.0, 0.0, 0.0, 0.1, 26.1, 0.1, 0.0, 5.0, 62.0, 7733.0, 0.05]
22:05:37.049 : Generated Params : [140.0, 4230.0, 0.0, 0.0, 1.0, -37.0, 0.0, 0.0, 0.0, 0.0, 0.0, 0.0, 0.0, 0.0, 0.0, 0.0, 0.0, 0.1, 40.1, 0.1, 0.0, 62.0, -66.0, 663.0, 0.05]
22:05:41.099 : Generated Params : [80.0, 5200.0, 0.0, 0.0, 1.0, -79.0, 0.0, 0.0, 0.0, 0.0, 0.0, 0.0, 0.0, 0.0, 0.0, 0.0, 0.0, 0.1, 18.1, 0.1, 0.0, 15.0, -79.0, 3281.0, 0.05]
22:05:45.160 : Generated Params : [110.0, 1210.0, 0.0, 0.0, 1.0, -99.0, 0.0, 0.0, 0.0, 0.0, 0.0, 0.0, 0.0, 0.0, 0.0, 0.0, 0.0, 0.1, 29.1, 0.1, 0.0, 67.0, -18.0, 1442.0, 0.05]
22:05:49.133 : Generated Params : [70.0, 610.0, 0.0, 0.0, 1.0, -37.0, 0.0, 0.0, 0.0, 0.0, 0.0, 0.0, 0.0, 0.0, 0.0, 0.0, 0.0, 0.1, 61.1, 0.1, 0.0, 65.0, 95.0, 1478.0, 0.05]
22:05:53.112 : Generated Params : [70.0, 1430.0, 0.0, 0.0, 1.0, -79.0, 0.0, 0.0, 0.0, 0.0, 0.0, 0.0, 0.0, 0.0, 0.0, 0.0, 0.0, 0.1, 82.1, 0.1, 0.0, 2.0, -78.0, 2613.0, 0.05]
22:05:57.217 : Generated Params : [90.0, 2790.0, 0.0, 0.0, 1.0, -85.0, 0.0, 0.0, 0.0, 0.0, 0.0, 0.0, 0.0, 0.0, 0.0, 0.0, 0.0, 0.1, 23.1, 0.1, 0.0, 68.0, -65.0, 182.0, 0.05]
22:06:01.155 : Generated Params : [60.0, 220.0, 0.0, 0.0, 1.0, -85.0, 0.0, 0.0, 0.0, 0.0, 0.0, 0.0, 0.0, 0.0, 0.0, 0.0, 0.0, 0.1, 87.1, 0.1, 0.0, 40.0, 100.0, 4516.0, 0.05]
22:06:05.220 : Generated Params : [160.0, 3610.0, 0.0, 0.0, 1.0, -39.0, 0.0, 0.0, 0.0, 0.0, 0.0, 0.0, 0.0, 0.0, 0.0, 0.0, 0.0, 0.1, 86.1, 0.1, 0.0, 8.0, -6.0, 4164.0, 0.05]
22:06:09.157 : Generated Params : [110.0, 3110.0, 0.0, 0.0, 1.0, 30.0, 0.0, 0.0, 0.0, 0.0, 0.0, 0.0, 0.0, 0.0, 0.0, 0.0, 0.0, 0.1, 20.1, 0.1, 0.0, 37.0, -76.0, 1960.0, 0.05]
22:06:13.129 : Generated Params : [80.0, 3580.0, 0.0, 0.0, 1.0, -71.0, 0.0, 0.0, 0.0, 0.0, 0.0, 0.0, 0.0, 0.0, 0.0, 0.0, 0.0, 0.1, 44.1, 0.1, 0.0, 26.0, -30.0, 3825.0, 0.05]
22:06:17.135 : Generated Params : [110.0, 3500.0, 0.0, 0.0, 1.0, -97.0, 0.0, 0.0, 0.0, 0.0, 0.0, 0.0, 0.0, 0.0, 0.0, 0.0, 0.0, 0.1, 16.1, 0.1, 0.0, 29.0, -18.0, 2293.0, 0.05]
22:06:21.124 : Generated Params : [50.0, 3000.0, 0.0, 0.0, 1.0, 86.0, 0.0, 0.0, 0.0, 0.0, 0.0, 0.0, 0.0, 0.0, 0.0, 0.0, 0.0, 0.1, 7.1, 0.1, 0.0, 69.0, -94.0, 2541.0, 0.05]
22:06:25.121 : Generated Params : [130.0, 840.0, 0.0, 0.0, 1.0, -99.0, 0.0, 0.0, 0.0, 0.0, 0.0, 0.0, 0.0, 0.0, 0.0, 0.0, 0.0, 0.1, 16.1, 0.1, 0.0, 41.0, -74.0, 979.0, 0.05]
22:06:29.171 : Generated Params : [90.0, 1940.0, 0.0, 0.0, 1.0, -42.0, 0.0, 0.0, 0.0, 0.0, 0.0, 0.0, 0.0, 0.0, 0.0, 0.0, 0.0, 0.1, 63.1, 0.1, 0.0, 6.0, -89.0, 5383.0, 0.05]
22:06:37.381 : ------------------------------------------------------------
22:06:37.381 : Loop #4
22:08:12.193 : Generated Params : [120.0, 680.0, 0.0, 0.0, 1.0, 1.0, 0.0, 0.0, 0.0, 0.0, 0.0, 0.0, 0.0, 0.0, 0.0, 0.0, 0.0, 0.1, 74.1, 0.1, 0.0, 8.0, 74.0, 2462.0, 0.05]
22:08:16.136 : Generated Params : [200.0, 710.0, 0.0, 0.0, 1.0, 49.0, 0.0, 0.0, 0.0, 0.0, 0.0, 0.0, 0.0, 0.0, 0.0, 0.0, 0.0, 0.1, 90.1, 0.1, 0.0, 11.0, -43.0, 3299.0, 0.05]
22:08:20.100 : Generated Params : [60.0, 500.0, 0.0, 0.0, 1.0, -53.0, 0.0, 0.0, 0.0, 0.0, 0.0, 0.0, 0.0, 0.0, 0.0, 0.0, 0.0, 0.1, 89.1, 0.1, 0.0, 26.0, 63.0, 552.0, 0.05]
22:08:24.135 : Generated Params : [120.0, 3900.0, 0.0, 0.0, 1.0, -10.0, 0.0, 0.0, 0.0, 0.0, 0.0, 0.0, 0.0, 0.0, 0.0, 0.0, 0.0, 0.1, 12.1, 0.1, 0.0, 96.0, -85.0, 1185.0, 0.05]
22:08:28.149 : Generated Params : [70.0, 6360.0, 0.0, 0.0, 1.0, -56.0, 0.0, 0.0, 0.0, 0.0, 0.0, 0.0, 0.0, 0.0, 0.0, 0.0, 0.0, 0.1, 90.1, 0.1, 0.0, 14.0, -71.0, 2694.0, 0.05]
22:08:32.146 : Generated Params : [60.0, 8970.0, 0.0, 0.0, 1.0, -87.0, 0.0, 0.0, 0.0, 0.0, 0.0, 0.0, 0.0, 0.0, 0.0, 0.0, 0.0, 0.1, 4.1, 0.1, 0.0, 21.0, 21.0, 6034.0, 0.05]
22:08:36.131 : Generated Params : [110.0, 3220.0, 0.0, 0.0, 1.0, -50.0, 0.0, 0.0, 0.0, 0.0, 0.0, 0.0, 0.0, 0.0, 0.0, 0.0, 0.0, 0.1, 31.1, 0.1, 0.0, 50.0, 23.0, 944.0, 0.05]
22:08:40.241 : Generated Params : [160.0, 4790.0, 0.0, 0.0, 1.0, -79.0, 0.0, 0.0, 0.0, 0.0, 0.0, 0.0, 0.0, 0.0, 0.0, 0.0, 0.0, 0.1, 83.1, 0.1, 0.0, 11.0, 89.0, 3811.0, 0.05]
22:08:44.112 : Generated Params : [180.0, 1060.0, 0.0, 0.0, 1.0, -69.0, 0.0, 0.0, 0.0, 0.0, 0.0, 0.0, 0.0, 0.0, 0.0, 0.0, 0.0, 0.1, 23.1, 0.1, 0.0, 93.0, -35.0, 9992.0, 0.05]
22:08:48.892 : Generated Params : [90.0, 3830.0, 0.0, 0.0, 1.0, 5.0, 0.0, 0.0, 0.0, 0.0, 0.0, 0.0, 0.0, 0.0, 0.0, 0.0, 0.0, 0.1, 63.1, 0.1, 0.0, 90.0, -16.0, 462.0, 0.05]
22:08:53.470 : Generated Params : [130.0, 5480.0, 0.0, 0.0, 1.0, -89.0, 0.0, 0.0, 0.0, 0.0, 0.0, 0.0, 0.0, 0.0, 0.0, 0.0, 0.0, 0.1, 27.1, 0.1, 0.0, 23.0, -27.0, 3530.0, 0.05]
22:08:57.284 : Generated Params : [50.0, 6050.0, 0.0, 0.0, 1.0, 30.0, 0.0, 0.0, 0.0, 0.0, 0.0, 0.0, 0.0, 0.0, 0.0, 0.0, 0.0, 0.1, 54.1, 0.1, 0.0, 94.0, -59.0, 7581.0, 0.05]
22:09:01.111 : Generated Params : [60.0, 880.0, 0.0, 0.0, 1.0, -23.0, 0.0, 0.0, 0.0, 0.0, 0.0, 0.0, 0.0, 0.0, 0.0, 0.0, 0.0, 0.1, 21.1, 0.1, 0.0, 58.0, 76.0, 598.0, 0.05]
22:09:04.942 : Generated Params : [110.0, 3060.0, 0.0, 0.0, 1.0, -11.0, 0.0, 0.0, 0.0, 0.0, 0.0, 0.0, 0.0, 0.0, 0.0, 0.0, 0.0, 0.1, 92.1, 0.1, 0.0, 18.0, -85.0, 1590.0, 0.05]
22:09:09.276 : Generated Params : [120.0, 770.0, 0.0, 0.0, 1.0, -56.0, 0.0, 0.0, 0.0, 0.0, 0.0, 0.0, 0.0, 0.0, 0.0, 0.0, 0.0, 0.1, 16.1, 0.1, 0.0, 37.0, 8.0, 6720.0, 0.05]
22:09:13.163 : Generated Params : [110.0, 2890.0, 0.0, 0.0, 1.0, 8.0, 0.0, 0.0, 0.0, 0.0, 0.0, 0.0, 0.0, 0.0, 0.0, 0.0, 0.0, 0.1, 60.1, 0.1, 0.0, 50.0, -27.0, 1051.0, 0.05]
22:09:17.011 : Generated Params : [130.0, 7490.0, 0.0, 0.0, 1.0, 100.0, 0.0, 0.0, 0.0, 0.0, 0.0, 0.0, 0.0, 0.0, 0.0, 0.0, 0.0, 0.1, 35.1, 0.1, 0.0, 14.0, -55.0, 9359.0, 0.05]
22:09:20.878 : Generated Params : [50.0, 6110.0, 0.0, 0.0, 1.0, -48.0, 0.0, 0.0, 0.0, 0.0, 0.0, 0.0, 0.0, 0.0, 0.0, 0.0, 0.0, 0.1, 78.1, 0.1, 0.0, 8.0, -72.0, 710.0, 0.05]
22:09:25.244 : Generated Params : [160.0, 5070.0, 0.0, 0.0, 1.0, 33.0, 0.0, 0.0, 0.0, 0.0, 0.0, 0.0, 0.0, 0.0, 0.0, 0.0, 0.0, 0.1, 40.1, 0.1, 0.0, 50.0, -44.0, 945.0, 0.05]
22:09:29.054 : Generated Params : [170.0, 4120.0, 0.0, 0.0, 1.0, -56.0, 0.0, 0.0, 0.0, 0.0, 0.0, 0.0, 0.0, 0.0, 0.0, 0.0, 0.0, 0.1, 13.1, 0.1, 0.0, 70.0, -90.0, 9746.0, 0.05]
22:09:32.895 : Generated Params : [100.0, 500.0, 0.0, 0.0, 1.0, 33.0, 0.0, 0.0, 0.0, 0.0, 0.0, 0.0, 0.0, 0.0, 0.0, 0.0, 0.0, 0.1, 62.1, 0.1, 0.0, 80.0, 37.0, 1199.0, 0.05]
22:09:42.168 : ------------------------------------------------------------
22:09:42.168 : Loop #5
22:11:17.345 : Generated Params : [80.0, 3360.0, 0.0, 0.0, 1.0, -75.0, 0.0, 0.0, 0.0, 0.0, 0.0, 0.0, 0.0, 0.0, 0.0, 0.0, 0.0, 0.1, 42.1, 0.1, 0.0, 53.0, -24.0, 6313.0, 0.05]
22:11:21.272 : Generated Params : [60.0, 1770.0, 0.0, 0.0, 1.0, -92.0, 0.0, 0.0, 0.0, 0.0, 0.0, 0.0, 0.0, 0.0, 0.0, 0.0, 0.0, 0.1, 4.1, 0.1, 0.0, 35.0, 92.0, 8601.0, 0.05]
22:11:25.284 : Generated Params : [50.0, 2090.0, 0.0, 0.0, 1.0, -76.0, 0.0, 0.0, 0.0, 0.0, 0.0, 0.0, 0.0, 0.0, 0.0, 0.0, 0.0, 0.1, 13.1, 0.1, 0.0, 2.0, -62.0, 1353.0, 0.05]
22:11:29.193 : Generated Params : [70.0, 5020.0, 0.0, 0.0, 1.0, -8.0, 0.0, 0.0, 0.0, 0.0, 0.0, 0.0, 0.0, 0.0, 0.0, 0.0, 0.0, 0.1, 69.1, 0.1, 0.0, 40.0, -62.0, 693.0, 0.05]
22:11:33.145 : Generated Params : [150.0, 3710.0, 0.0, 0.0, 1.0, 5.0, 0.0, 0.0, 0.0, 0.0, 0.0, 0.0, 0.0, 0.0, 0.0, 0.0, 0.0, 0.1, 21.1, 0.1, 0.0, 11.0, -89.0, 3800.0, 0.05]
22:11:37.275 : Generated Params : [140.0, 1650.0, 0.0, 0.0, 1.0, -65.0, 0.0, 0.0, 0.0, 0.0, 0.0, 0.0, 0.0, 0.0, 0.0, 0.0, 0.0, 0.1, 76.1, 0.1, 0.0, 50.0, 74.0, 1025.0, 0.05]
22:11:41.255 : Generated Params : [170.0, 2370.0, 0.0, 0.0, 1.0, -63.0, 0.0, 0.0, 0.0, 0.0, 0.0, 0.0, 0.0, 0.0, 0.0, 0.0, 0.0, 0.1, 8.1, 0.1, 0.0, 21.0, -43.0, 1895.0, 0.05]
22:11:46.067 : Generated Params : [200.0, 580.0, 0.0, 0.0, 1.0, -92.0, 0.0, 0.0, 0.0, 0.0, 0.0, 0.0, 0.0, 0.0, 0.0, 0.0, 0.0, 0.1, 96.1, 0.1, 0.0, 41.0, -74.0, 6960.0, 0.05]
22:11:49.887 : Generated Params : [70.0, 2200.0, 0.0, 0.0, 1.0, -94.0, 0.0, 0.0, 0.0, 0.0, 0.0, 0.0, 0.0, 0.0, 0.0, 0.0, 0.0, 0.1, 18.1, 0.1, 0.0, 70.0, -79.0, 1524.0, 0.05]
22:11:54.182 : Generated Params : [190.0, 930.0, 0.0, 0.0, 1.0, 45.0, 0.0, 0.0, 0.0, 0.0, 0.0, 0.0, 0.0, 0.0, 0.0, 0.0, 0.0, 0.1, 89.1, 0.1, 0.0, 3.0, -55.0, 7663.0, 0.05]
22:11:58.178 : Generated Params : [50.0, 5550.0, 0.0, 0.0, 1.0, -2.0, 0.0, 0.0, 0.0, 0.0, 0.0, 0.0, 0.0, 0.0, 0.0, 0.0, 0.0, 0.1, 35.1, 0.1, 0.0, 8.0, 9.0, 2624.0, 0.05]
22:12:02.017 : Generated Params : [80.0, 7350.0, 0.0, 0.0, 1.0, -84.0, 0.0, 0.0, 0.0, 0.0, 0.0, 0.0, 0.0, 0.0, 0.0, 0.0, 0.0, 0.1, 37.1, 0.1, 0.0, 75.0, -62.0, 286.0, 0.05]
22:12:05.837 : Generated Params : [60.0, 1500.0, 0.0, 0.0, 1.0, -97.0, 0.0, 0.0, 0.0, 0.0, 0.0, 0.0, 0.0, 0.0, 0.0, 0.0, 0.0, 0.1, 64.1, 0.1, 0.0, 9.0, -65.0, 9711.0, 0.05]
22:12:10.148 : Generated Params : [190.0, 930.0, 0.0, 0.0, 1.0, 11.0, 0.0, 0.0, 0.0, 0.0, 0.0, 0.0, 0.0, 0.0, 0.0, 0.0, 0.0, 0.1, 76.1, 0.1, 0.0, 35.0, -39.0, 2521.0, 0.05]
22:12:14.001 : Generated Params : [190.0, 620.0, 0.0, 0.0, 1.0, -85.0, 0.0, 0.0, 0.0, 0.0, 0.0, 0.0, 0.0, 0.0, 0.0, 0.0, 0.0, 0.1, 31.1, 0.1, 0.0, 67.0, -71.0, 1368.0, 0.05]
22:12:17.850 : Generated Params : [70.0, 7780.0, 0.0, 0.0, 1.0, -63.0, 0.0, 0.0, 0.0, 0.0, 0.0, 0.0, 0.0, 0.0, 0.0, 0.0, 0.0, 0.1, 47.1, 0.1, 0.0, 50.0, -87.0, 5268.0, 0.05]
22:12:22.178 : Generated Params : [200.0, 4540.0, 0.0, 0.0, 1.0, -43.0, 0.0, 0.0, 0.0, 0.0, 0.0, 0.0, 0.0, 0.0, 0.0, 0.0, 0.0, 0.1, 20.1, 0.1, 0.0, 40.0, -71.0, 9460.0, 0.05]
22:12:25.979 : Generated Params : [120.0, 120.0, 0.0, 0.0, 1.0, -71.0, 0.0, 0.0, 0.0, 0.0, 0.0, 0.0, 0.0, 0.0, 0.0, 0.0, 0.0, 0.1, 21.1, 0.1, 0.0, 41.0, -74.0, 719.0, 0.05]
22:12:30.515 : Generated Params : [90.0, 6210.0, 0.0, 0.0, 1.0, 41.0, 0.0, 0.0, 0.0, 0.0, 0.0, 0.0, 0.0, 0.0, 0.0, 0.0, 0.0, 0.1, 20.1, 0.1, 0.0, 86.0, -72.0, 716.0, 0.05]
22:12:34.338 : Generated Params : [50.0, 9770.0, 0.0, 0.0, 1.0, -6.0, 0.0, 0.0, 0.0, 0.0, 0.0, 0.0, 0.0, 0.0, 0.0, 0.0, 0.0, 0.1, 32.1, 0.1, 0.0, 17.0, 3.0, 1569.0, 0.05]
22:12:42.069 : ------------------------------------------------------------
22:12:42.069 : Loop #6
22:14:17.050 : Generated Params : [60.0, 6460.0, 0.0, 0.0, 1.0, -59.0, 0.0, 0.0, 0.0, 0.0, 0.0, 0.0, 0.0, 0.0, 0.0, 0.0, 0.0, 0.1, 45.1, 0.1, 0.0, 30.0, -79.0, 2823.0, 0.05]
22:14:21.005 : Generated Params : [110.0, 190.0, 0.0, 0.0, 1.0, -94.0, 0.0, 0.0, 0.0, 0.0, 0.0, 0.0, 0.0, 0.0, 0.0, 0.0, 0.0, 0.1, 71.1, 0.1, 0.0, 30.0, -50.0, 8042.0, 0.05]
22:14:24.954 : Generated Params : [70.0, 3610.0, 0.0, 0.0, 1.0, -50.0, 0.0, 0.0, 0.0, 0.0, 0.0, 0.0, 0.0, 0.0, 0.0, 0.0, 0.0, 0.1, 73.1, 0.1, 0.0, 14.0, -31.0, 398.0, 0.05]
22:14:29.330 : Generated Params : [110.0, 1830.0, 0.0, 0.0, 1.0, -62.0, 0.0, 0.0, 0.0, 0.0, 0.0, 0.0, 0.0, 0.0, 0.0, 0.0, 0.0, 0.1, 91.1, 0.1, 0.0, 51.0, -37.0, 7664.0, 0.05]
22:14:33.188 : Generated Params : [130.0, 8570.0, 0.0, 0.0, 1.0, 40.0, 0.0, 0.0, 0.0, 0.0, 0.0, 0.0, 0.0, 0.0, 0.0, 0.0, 0.0, 0.1, 53.1, 0.1, 0.0, 92.0, -66.0, 2388.0, 0.05]
22:14:37.000 : Generated Params : [160.0, 1650.0, 0.0, 0.0, 1.0, -24.0, 0.0, 0.0, 0.0, 0.0, 0.0, 0.0, 0.0, 0.0, 0.0, 0.0, 0.0, 0.1, 2.1, 0.1, 0.0, 13.0, -59.0, 2814.0, 0.05]
22:14:41.028 : Generated Params : [90.0, 3660.0, 0.0, 0.0, 1.0, -36.0, 0.0, 0.0, 0.0, 0.0, 0.0, 0.0, 0.0, 0.0, 0.0, 0.0, 0.0, 0.1, 5.1, 0.1, 0.0, 44.0, -94.0, 323.0, 0.05]
22:14:44.967 : Generated Params : [130.0, 2210.0, 0.0, 0.0, 1.0, 42.0, 0.0, 0.0, 0.0, 0.0, 0.0, 0.0, 0.0, 0.0, 0.0, 0.0, 0.0, 0.1, 8.1, 0.1, 0.0, 74.0, 52.0, 6483.0, 0.05]
22:14:49.284 : Generated Params : [80.0, 8120.0, 0.0, 0.0, 1.0, -71.0, 0.0, 0.0, 0.0, 0.0, 0.0, 0.0, 0.0, 0.0, 0.0, 0.0, 0.0, 0.1, 36.1, 0.1, 0.0, 26.0, -89.0, 2837.0, 0.05]
22:14:53.159 : Generated Params : [60.0, 8470.0, 0.0, 0.0, 1.0, -56.0, 0.0, 0.0, 0.0, 0.0, 0.0, 0.0, 0.0, 0.0, 0.0, 0.0, 0.0, 0.1, 21.1, 0.1, 0.0, 27.0, -27.0, 352.0, 0.05]
22:14:57.065 : Generated Params : [90.0, 1840.0, 0.0, 0.0, 1.0, 63.0, 0.0, 0.0, 0.0, 0.0, 0.0, 0.0, 0.0, 0.0, 0.0, 0.0, 0.0, 0.1, 34.1, 0.1, 0.0, 17.0, -82.0, 1323.0, 0.05]
22:15:01.024 : Generated Params : [70.0, 1760.0, 0.0, 0.0, 1.0, -81.0, 0.0, 0.0, 0.0, 0.0, 0.0, 0.0, 0.0, 0.0, 0.0, 0.0, 0.0, 0.1, 56.1, 0.1, 0.0, 78.0, -6.0, 2130.0, 0.05]
22:15:05.140 : Generated Params : [50.0, 160.0, 0.0, 0.0, 1.0, 10.0, 0.0, 0.0, 0.0, 0.0, 0.0, 0.0, 0.0, 0.0, 0.0, 0.0, 0.0, 0.1, 52.1, 0.1, 0.0, 8.0, 100.0, 3945.0, 0.05]
22:15:09.041 : Generated Params : [120.0, 4040.0, 0.0, 0.0, 1.0, 23.0, 0.0, 0.0, 0.0, 0.0, 0.0, 0.0, 0.0, 0.0, 0.0, 0.0, 0.0, 0.1, 72.1, 0.1, 0.0, 8.0, -74.0, 2099.0, 0.05]
22:15:13.016 : Generated Params : [60.0, 3580.0, 0.0, 0.0, 1.0, 98.0, 0.0, 0.0, 0.0, 0.0, 0.0, 0.0, 0.0, 0.0, 0.0, 0.0, 0.0, 0.1, 30.1, 0.1, 0.0, 33.0, -27.0, 5580.0, 0.05]
22:15:16.947 : Generated Params : [100.0, 260.0, 0.0, 0.0, 1.0, 38.0, 0.0, 0.0, 0.0, 0.0, 0.0, 0.0, 0.0, 0.0, 0.0, 0.0, 0.0, 0.1, 58.1, 0.1, 0.0, 57.0, 75.0, 4831.0, 0.05]
22:15:21.526 : Generated Params : [170.0, 1430.0, 0.0, 0.0, 1.0, 4.0, 0.0, 0.0, 0.0, 0.0, 0.0, 0.0, 0.0, 0.0, 0.0, 0.0, 0.0, 0.1, 8.1, 0.1, 0.0, 56.0, 2.0, 4513.0, 0.05]
22:15:25.404 : Generated Params : [80.0, 5000.0, 0.0, 0.0, 1.0, -4.0, 0.0, 0.0, 0.0, 0.0, 0.0, 0.0, 0.0, 0.0, 0.0, 0.0, 0.0, 0.1, 51.1, 0.1, 0.0, 90.0, -36.0, 2812.0, 0.05]
22:15:29.246 : Generated Params : [50.0, 4010.0, 0.0, 0.0, 1.0, 72.0, 0.0, 0.0, 0.0, 0.0, 0.0, 0.0, 0.0, 0.0, 0.0, 0.0, 0.0, 0.1, 45.1, 0.1, 0.0, 43.0, -68.0, 20.0, 0.05]
22:15:33.142 : Generated Params : [80.0, 9170.0, 0.0, 0.0, 1.0, -81.0, 0.0, 0.0, 0.0, 0.0, 0.0, 0.0, 0.0, 0.0, 0.0, 0.0, 0.0, 0.1, 2.1, 0.1, 0.0, 21.0, -35.0, 5520.0, 0.05]
22:15:37.097 : Generated Params : [170.0, 2160.0, 0.0, 0.0, 1.0, -99.0, 0.0, 0.0, 0.0, 0.0, 0.0, 0.0, 0.0, 0.0, 0.0, 0.0, 0.0, 0.1, 23.1, 0.1, 0.0, 30.0, -49.0, 4288.0, 0.05]
22:15:41.023 : Generated Params : [120.0, 8990.0, 0.0, 0.0, 1.0, 49.0, 0.0, 0.0, 0.0, 0.0, 0.0, 0.0, 0.0, 0.0, 0.0, 0.0, 0.0, 0.1, 31.1, 0.1, 0.0, 47.0, -43.0, 3513.0, 0.05]
22:15:45.005 : Generated Params : [80.0, 2370.0, 0.0, 0.0, 1.0, 78.0, 0.0, 0.0, 0.0, 0.0, 0.0, 0.0, 0.0, 0.0, 0.0, 0.0, 0.0, 0.1, 40.1, 0.1, 0.0, 8.0, 13.0, 2059.0, 0.05]
22:15:53.398 : ------------------------------------------------------------
22:15:53.398 : Loop #7
22:17:28.202 : Generated Params : [110.0, 5070.0, 0.0, 0.0, 1.0, -62.0, 0.0, 0.0, 0.0, 0.0, 0.0, 0.0, 0.0, 0.0, 0.0, 0.0, 0.0, 0.1, 80.1, 0.1, 0.0, 46.0, 4.0, 2638.0, 0.05]
22:17:32.053 : Generated Params : [90.0, 9640.0, 0.0, 0.0, 1.0, 63.0, 0.0, 0.0, 0.0, 0.0, 0.0, 0.0, 0.0, 0.0, 0.0, 0.0, 0.0, 0.1, 16.1, 0.1, 0.0, 11.0, -29.0, 1299.0, 0.05]
22:17:35.958 : Generated Params : [120.0, 6240.0, 0.0, 0.0, 1.0, -4.0, 0.0, 0.0, 0.0, 0.0, 0.0, 0.0, 0.0, 0.0, 0.0, 0.0, 0.0, 0.1, 45.1, 0.1, 0.0, 35.0, -63.0, 9941.0, 0.05]
22:17:40.750 : Generated Params : [200.0, 600.0, 0.0, 0.0, 1.0, -56.0, 0.0, 0.0, 0.0, 0.0, 0.0, 0.0, 0.0, 0.0, 0.0, 0.0, 0.0, 0.1, 70.1, 0.1, 0.0, 26.0, -47.0, 6421.0, 0.05]
22:17:46.280 : Generated Params : [60.0, 1600.0, 0.0, 0.0, 1.0, -49.0, 0.0, 0.0, 0.0, 0.0, 0.0, 0.0, 0.0, 0.0, 0.0, 0.0, 0.0, 0.1, 47.1, 0.1, 0.0, 23.0, -7.0, 9725.0, 0.05]
22:17:50.288 : Generated Params : [80.0, 8480.0, 0.0, 0.0, 1.0, -84.0, 0.0, 0.0, 0.0, 0.0, 0.0, 0.0, 0.0, 0.0, 0.0, 0.0, 0.0, 0.1, 20.1, 0.1, 0.0, 68.0, 33.0, 4229.0, 0.05]
22:17:54.287 : Generated Params : [60.0, 2980.0, 0.0, 0.0, 1.0, -89.0, 0.0, 0.0, 0.0, 0.0, 0.0, 0.0, 0.0, 0.0, 0.0, 0.0, 0.0, 0.1, 68.1, 0.1, 0.0, 86.0, 18.0, 369.0, 0.05]
22:17:58.366 : Generated Params : [120.0, 1540.0, 0.0, 0.0, 1.0, -53.0, 0.0, 0.0, 0.0, 0.0, 0.0, 0.0, 0.0, 0.0, 0.0, 0.0, 0.0, 0.1, 40.1, 0.1, 0.0, 79.0, 96.0, 472.0, 0.05]
22:18:02.304 : Generated Params : [80.0, 2250.0, 0.0, 0.0, 1.0, 70.0, 0.0, 0.0, 0.0, 0.0, 0.0, 0.0, 0.0, 0.0, 0.0, 0.0, 0.0, 0.1, 45.1, 0.1, 0.0, 40.0, -33.0, 8609.0, 0.05]
22:18:06.252 : Generated Params : [200.0, 220.0, 0.0, 0.0, 1.0, 47.0, 0.0, 0.0, 0.0, 0.0, 0.0, 0.0, 0.0, 0.0, 0.0, 0.0, 0.0, 0.1, 78.1, 0.1, 0.0, 6.0, -97.0, 3087.0, 0.05]
22:18:10.461 : Generated Params : [150.0, 7060.0, 0.0, 0.0, 1.0, -72.0, 0.0, 0.0, 0.0, 0.0, 0.0, 0.0, 0.0, 0.0, 0.0, 0.0, 0.0, 0.1, 37.1, 0.1, 0.0, 8.0, -7.0, 2577.0, 0.05]
22:18:14.317 : Generated Params : [50.0, 950.0, 0.0, 0.0, 1.0, 65.0, 0.0, 0.0, 0.0, 0.0, 0.0, 0.0, 0.0, 0.0, 0.0, 0.0, 0.0, 0.1, 64.1, 0.1, 0.0, 27.0, -61.0, 3520.0, 0.05]
22:18:18.284 : Generated Params : [60.0, 2010.0, 0.0, 0.0, 1.0, -59.0, 0.0, 0.0, 0.0, 0.0, 0.0, 0.0, 0.0, 0.0, 0.0, 0.0, 0.0, 0.1, 61.1, 0.1, 0.0, 84.0, 25.0, 3024.0, 0.05]
22:18:22.272 : Generated Params : [190.0, 5450.0, 0.0, 0.0, 1.0, -89.0, 0.0, 0.0, 0.0, 0.0, 0.0, 0.0, 0.0, 0.0, 0.0, 0.0, 0.0, 0.1, 70.1, 0.1, 0.0, 13.0, -96.0, 1372.0, 0.05]
22:18:26.276 : Generated Params : [150.0, 4610.0, 0.0, 0.0, 1.0, -62.0, 0.0, 0.0, 0.0, 0.0, 0.0, 0.0, 0.0, 0.0, 0.0, 0.0, 0.0, 0.1, 32.1, 0.1, 0.0, 57.0, -94.0, 2302.0, 0.05]
22:18:30.373 : Generated Params : [140.0, 9590.0, 0.0, 0.0, 1.0, -85.0, 0.0, 0.0, 0.0, 0.0, 0.0, 0.0, 0.0, 0.0, 0.0, 0.0, 0.0, 0.1, 53.1, 0.1, 0.0, 65.0, -94.0, 908.0, 0.05]
22:18:34.283 : Generated Params : [190.0, 5800.0, 0.0, 0.0, 1.0, -88.0, 0.0, 0.0, 0.0, 0.0, 0.0, 0.0, 0.0, 0.0, 0.0, 0.0, 0.0, 0.1, 73.1, 0.1, 0.0, 2.0, -82.0, 4675.0, 0.05]
22:18:38.273 : Generated Params : [100.0, 9740.0, 0.0, 0.0, 1.0, -6.0, 0.0, 0.0, 0.0, 0.0, 0.0, 0.0, 0.0, 0.0, 0.0, 0.0, 0.0, 0.1, 74.1, 0.1, 0.0, 29.0, -89.0, 2217.0, 0.05]
22:18:42.331 : Generated Params : [70.0, 4510.0, 0.0, 0.0, 1.0, -22.0, 0.0, 0.0, 0.0, 0.0, 0.0, 0.0, 0.0, 0.0, 0.0, 0.0, 0.0, 0.1, 13.1, 0.1, 0.0, 13.0, -37.0, 1600.0, 0.05]
22:18:46.732 : Generated Params : [90.0, 2890.0, 0.0, 0.0, 1.0, -94.0, 0.0, 0.0, 0.0, 0.0, 0.0, 0.0, 0.0, 0.0, 0.0, 0.0, 0.0, 0.1, 60.1, 0.1, 0.0, 74.0, -20.0, 1704.0, 0.05]
22:18:55.181 : ------------------------------------------------------------
22:18:55.181 : Loop #8
22:20:30.094 : Generated Params : [130.0, 4700.0, 0.0, 0.0, 1.0, -55.0, 0.0, 0.0, 0.0, 0.0, 0.0, 0.0, 0.0, 0.0, 0.0, 0.0, 0.0, 0.1, 21.1, 0.1, 0.0, 5.0, 49.0, 8006.0, 0.05]
22:20:33.919 : Generated Params : [120.0, 1580.0, 0.0, 0.0, 1.0, -50.0, 0.0, 0.0, 0.0, 0.0, 0.0, 0.0, 0.0, 0.0, 0.0, 0.0, 0.0, 0.1, 68.1, 0.1, 0.0, 73.0, -56.0, 9502.0, 0.05]
22:20:38.233 : Generated Params : [50.0, 2620.0, 0.0, 0.0, 1.0, -16.0, 0.0, 0.0, 0.0, 0.0, 0.0, 0.0, 0.0, 0.0, 0.0, 0.0, 0.0, 0.1, 50.1, 0.1, 0.0, 11.0, -30.0, 2593.0, 0.05]
22:20:42.055 : Generated Params : [60.0, 1030.0, 0.0, 0.0, 1.0, -6.0, 0.0, 0.0, 0.0, 0.0, 0.0, 0.0, 0.0, 0.0, 0.0, 0.0, 0.0, 0.1, 64.1, 0.1, 0.0, 44.0, 98.0, 4955.0, 0.05]
22:20:45.942 : Generated Params : [90.0, 2640.0, 0.0, 0.0, 1.0, -39.0, 0.0, 0.0, 0.0, 0.0, 0.0, 0.0, 0.0, 0.0, 0.0, 0.0, 0.0, 0.1, 18.1, 0.1, 0.0, 26.0, 13.0, 5779.0, 0.05]
22:20:50.308 : Generated Params : [60.0, 8340.0, 0.0, 0.0, 1.0, -52.0, 0.0, 0.0, 0.0, 0.0, 0.0, 0.0, 0.0, 0.0, 0.0, 0.0, 0.0, 0.1, 8.1, 0.1, 0.0, 35.0, 4.0, 2314.0, 0.05]
22:20:54.136 : Generated Params : [130.0, 5050.0, 0.0, 0.0, 1.0, 17.0, 0.0, 0.0, 0.0, 0.0, 0.0, 0.0, 0.0, 0.0, 0.0, 0.0, 0.0, 0.1, 83.1, 0.1, 0.0, 21.0, -18.0, 1857.0, 0.05]
22:20:58.008 : Generated Params : [70.0, 4450.0, 0.0, 0.0, 1.0, -99.0, 0.0, 0.0, 0.0, 0.0, 0.0, 0.0, 0.0, 0.0, 0.0, 0.0, 0.0, 0.1, 77.1, 0.1, 0.0, 41.0, 37.0, 74.0, 0.05]
22:21:02.033 : Generated Params : [80.0, 5080.0, 0.0, 0.0, 1.0, 63.0, 0.0, 0.0, 0.0, 0.0, 0.0, 0.0, 0.0, 0.0, 0.0, 0.0, 0.0, 0.1, 29.1, 0.1, 0.0, 38.0, -58.0, 799.0, 0.05]
22:21:05.951 : Generated Params : [160.0, 1190.0, 0.0, 0.0, 1.0, -65.0, 0.0, 0.0, 0.0, 0.0, 0.0, 0.0, 0.0, 0.0, 0.0, 0.0, 0.0, 0.1, 8.1, 0.1, 0.0, 47.0, 87.0, 3008.0, 0.05]
22:21:10.280 : Generated Params : [90.0, 3140.0, 0.0, 0.0, 1.0, -38.0, 0.0, 0.0, 0.0, 0.0, 0.0, 0.0, 0.0, 0.0, 0.0, 0.0, 0.0, 0.1, 47.1, 0.1, 0.0, 46.0, -41.0, 3814.0, 0.05]
22:21:14.290 : Generated Params : [70.0, 930.0, 0.0, 0.0, 1.0, -20.0, 0.0, 0.0, 0.0, 0.0, 0.0, 0.0, 0.0, 0.0, 0.0, 0.0, 0.0, 0.1, 78.1, 0.1, 0.0, 94.0, -37.0, 5239.0, 0.05]
22:21:18.161 : Generated Params : [50.0, 1860.0, 0.0, 0.0, 1.0, 13.0, 0.0, 0.0, 0.0, 0.0, 0.0, 0.0, 0.0, 0.0, 0.0, 0.0, 0.0, 0.1, 8.1, 0.1, 0.0, 13.0, 14.0, 843.0, 0.05]
22:21:21.996 : Generated Params : [60.0, 1810.0, 0.0, 0.0, 1.0, 45.0, 0.0, 0.0, 0.0, 0.0, 0.0, 0.0, 0.0, 0.0, 0.0, 0.0, 0.0, 0.1, 59.1, 0.1, 0.0, 47.0, -43.0, 1318.0, 0.05]
22:21:26.008 : Generated Params : [80.0, 5670.0, 0.0, 0.0, 1.0, 92.0, 0.0, 0.0, 0.0, 0.0, 0.0, 0.0, 0.0, 0.0, 0.0, 0.0, 0.0, 0.1, 100.1, 0.1, 0.0, 30.0, 63.0, 6324.0, 0.05]
22:21:30.871 : Generated Params : [80.0, 820.0, 0.0, 0.0, 1.0, -23.0, 0.0, 0.0, 0.0, 0.0, 0.0, 0.0, 0.0, 0.0, 0.0, 0.0, 0.0, 0.1, 13.1, 0.1, 0.0, 76.0, 81.0, 7751.0, 0.05]
22:21:35.373 : Generated Params : [50.0, 1640.0, 0.0, 0.0, 1.0, -69.0, 0.0, 0.0, 0.0, 0.0, 0.0, 0.0, 0.0, 0.0, 0.0, 0.0, 0.0, 0.1, 40.1, 0.1, 0.0, 68.0, -43.0, 1529.0, 0.05]
22:21:39.431 : Generated Params : [90.0, 900.0, 0.0, 0.0, 1.0, 100.0, 0.0, 0.0, 0.0, 0.0, 0.0, 0.0, 0.0, 0.0, 0.0, 0.0, 0.0, 0.1, 60.1, 0.1, 0.0, 11.0, -35.0, 528.0, 0.05]
22:21:43.469 : Generated Params : [50.0, 9890.0, 0.0, 0.0, 1.0, -87.0, 0.0, 0.0, 0.0, 0.0, 0.0, 0.0, 0.0, 0.0, 0.0, 0.0, 0.0, 0.1, 59.1, 0.1, 0.0, 65.0, 10.0, 3575.0, 0.05]
22:21:47.760 : Generated Params : [150.0, 1120.0, 0.0, 0.0, 1.0, -94.0, 0.0, 0.0, 0.0, 0.0, 0.0, 0.0, 0.0, 0.0, 0.0, 0.0, 0.0, 0.1, 40.1, 0.1, 0.0, 5.0, -76.0, 7139.0, 0.05]
22:21:52.260 : Generated Params : [190.0, 3470.0, 0.0, 0.0, 1.0, 16.0, 0.0, 0.0, 0.0, 0.0, 0.0, 0.0, 0.0, 0.0, 0.0, 0.0, 0.0, 0.1, 21.1, 0.1, 0.0, 64.0, 13.0, 889.0, 0.05]
22:21:57.286 : Generated Params : [80.0, 8030.0, 0.0, 0.0, 1.0, -62.0, 0.0, 0.0, 0.0, 0.0, 0.0, 0.0, 0.0, 0.0, 0.0, 0.0, 0.0, 0.1, 26.1, 0.1, 0.0, 56.0, 5.0, 2855.0, 0.05]
22:22:01.130 : Generated Params : [130.0, 1450.0, 0.0, 0.0, 1.0, -98.0, 0.0, 0.0, 0.0, 0.0, 0.0, 0.0, 0.0, 0.0, 0.0, 0.0, 0.0, 0.1, 40.1, 0.1, 0.0, 6.0, -17.0, 7157.0, 0.05]
22:22:04.938 : Generated Params : [130.0, 4010.0, 0.0, 0.0, 1.0, -20.0, 0.0, 0.0, 0.0, 0.0, 0.0, 0.0, 0.0, 0.0, 0.0, 0.0, 0.0, 0.1, 5.1, 0.1, 0.0, 29.0, -84.0, 9976.0, 0.05]
22:22:09.427 : Generated Params : [50.0, 530.0, 0.0, 0.0, 1.0, -81.0, 0.0, 0.0, 0.0, 0.0, 0.0, 0.0, 0.0, 0.0, 0.0, 0.0, 0.0, 0.1, 50.1, 0.1, 0.0, 41.0, -65.0, 1845.0, 0.05]
22:22:16.149 : ------------------------------------------------------------
22:22:16.149 : Loop #9
22:23:51.328 : Generated Params : [50.0, 2130.0, 0.0, 0.0, 1.0, 58.0, 0.0, 0.0, 0.0, 0.0, 0.0, 0.0, 0.0, 0.0, 0.0, 0.0, 0.0, 0.1, 80.1, 0.1, 0.0, 29.0, -85.0, 1589.0, 0.05]
22:23:55.321 : Generated Params : [140.0, 820.0, 0.0, 0.0, 1.0, -97.0, 0.0, 0.0, 0.0, 0.0, 0.0, 0.0, 0.0, 0.0, 0.0, 0.0, 0.0, 0.1, 4.1, 0.1, 0.0, 64.0, -47.0, 861.0, 0.05]
22:23:59.369 : Generated Params : [200.0, 2200.0, 0.0, 0.0, 1.0, -48.0, 0.0, 0.0, 0.0, 0.0, 0.0, 0.0, 0.0, 0.0, 0.0, 0.0, 0.0, 0.1, 4.1, 0.1, 0.0, 11.0, -72.0, 2992.0, 0.05]
22:24:03.336 : Generated Params : [180.0, 2540.0, 0.0, 0.0, 1.0, -52.0, 0.0, 0.0, 0.0, 0.0, 0.0, 0.0, 0.0, 0.0, 0.0, 0.0, 0.0, 0.1, 81.1, 0.1, 0.0, 70.0, 2.0, 3685.0, 0.05]
22:24:07.260 : Generated Params : [130.0, 5030.0, 0.0, 0.0, 1.0, 4.0, 0.0, 0.0, 0.0, 0.0, 0.0, 0.0, 0.0, 0.0, 0.0, 0.0, 0.0, 0.1, 44.1, 0.1, 0.0, 37.0, 16.0, 1591.0, 0.05]
22:24:11.267 : Generated Params : [80.0, 1010.0, 0.0, 0.0, 1.0, -17.0, 0.0, 0.0, 0.0, 0.0, 0.0, 0.0, 0.0, 0.0, 0.0, 0.0, 0.0, 0.1, 80.1, 0.1, 0.0, 26.0, -43.0, 2188.0, 0.05]
22:24:15.284 : Generated Params : [170.0, 9360.0, 0.0, 0.0, 1.0, -94.0, 0.0, 0.0, 0.0, 0.0, 0.0, 0.0, 0.0, 0.0, 0.0, 0.0, 0.0, 0.1, 5.1, 0.1, 0.0, 11.0, -16.0, 2862.0, 0.05]
22:24:19.366 : Generated Params : [150.0, 840.0, 0.0, 0.0, 1.0, -96.0, 0.0, 0.0, 0.0, 0.0, 0.0, 0.0, 0.0, 0.0, 0.0, 0.0, 0.0, 0.1, 25.1, 0.1, 0.0, 53.0, 41.0, 6027.0, 0.05]
22:24:23.387 : Generated Params : [150.0, 970.0, 0.0, 0.0, 1.0, -76.0, 0.0, 0.0, 0.0, 0.0, 0.0, 0.0, 0.0, 0.0, 0.0, 0.0, 0.0, 0.1, 5.1, 0.1, 0.0, 20.0, 23.0, 1791.0, 0.05]
22:24:27.360 : Generated Params : [80.0, 3410.0, 0.0, 0.0, 1.0, -96.0, 0.0, 0.0, 0.0, 0.0, 0.0, 0.0, 0.0, 0.0, 0.0, 0.0, 0.0, 0.1, 12.1, 0.1, 0.0, 2.0, -12.0, 4260.0, 0.05]
22:24:31.390 : Generated Params : [140.0, 2030.0, 0.0, 0.0, 1.0, -63.0, 0.0, 0.0, 0.0, 0.0, 0.0, 0.0, 0.0, 0.0, 0.0, 0.0, 0.0, 0.1, 8.1, 0.1, 0.0, 63.0, -47.0, 3008.0, 0.05]
22:24:35.311 : Generated Params : [180.0, 1450.0, 0.0, 0.0, 1.0, -53.0, 0.0, 0.0, 0.0, 0.0, 0.0, 0.0, 0.0, 0.0, 0.0, 0.0, 0.0, 0.1, 45.1, 0.1, 0.0, 68.0, -50.0, 5691.0, 0.05]
22:24:39.299 : Generated Params : [150.0, 1690.0, 0.0, 0.0, 1.0, -38.0, 0.0, 0.0, 0.0, 0.0, 0.0, 0.0, 0.0, 0.0, 0.0, 0.0, 0.0, 0.1, 79.1, 0.1, 0.0, 23.0, -94.0, 5186.0, 0.05]
22:24:43.227 : Generated Params : [170.0, 1510.0, 0.0, 0.0, 1.0, -23.0, 0.0, 0.0, 0.0, 0.0, 0.0, 0.0, 0.0, 0.0, 0.0, 0.0, 0.0, 0.1, 42.1, 0.1, 0.0, 40.0, -50.0, 5498.0, 0.05]
22:24:47.192 : Generated Params : [110.0, 1660.0, 0.0, 0.0, 1.0, -94.0, 0.0, 0.0, 0.0, 0.0, 0.0, 0.0, 0.0, 0.0, 0.0, 0.0, 0.0, 0.1, 10.1, 0.1, 0.0, 8.0, 49.0, 855.0, 0.05]
22:24:51.284 : Generated Params : [150.0, 5540.0, 0.0, 0.0, 1.0, 13.0, 0.0, 0.0, 0.0, 0.0, 0.0, 0.0, 0.0, 0.0, 0.0, 0.0, 0.0, 0.1, 1.1, 0.1, 0.0, 26.0, -76.0, 574.0, 0.05]
22:24:55.248 : Generated Params : [140.0, 780.0, 0.0, 0.0, 1.0, -71.0, 0.0, 0.0, 0.0, 0.0, 0.0, 0.0, 0.0, 0.0, 0.0, 0.0, 0.0, 0.1, 42.1, 0.1, 0.0, 29.0, -79.0, 9295.0, 0.05]
22:24:59.262 : Generated Params : [70.0, 420.0, 0.0, 0.0, 1.0, -97.0, 0.0, 0.0, 0.0, 0.0, 0.0, 0.0, 0.0, 0.0, 0.0, 0.0, 0.0, 0.1, 100.1, 0.1, 0.0, 24.0, -53.0, 936.0, 0.05]
22:25:07.510 : ------------------------------------------------------------
22:25:07.510 : Loop #10
22:26:43.162 : Generated Params : [200.0, 6650.0, 0.0, 0.0, 1.0, 9.0, 0.0, 0.0, 0.0, 0.0, 0.0, 0.0, 0.0, 0.0, 0.0, 0.0, 0.0, 0.1, 25.1, 0.1, 0.0, 8.0, -94.0, 760.0, 0.05]
22:26:47.034 : Generated Params : [80.0, 430.0, 0.0, 0.0, 1.0, 18.0, 0.0, 0.0, 0.0, 0.0, 0.0, 0.0, 0.0, 0.0, 0.0, 0.0, 0.0, 0.1, 60.1, 0.1, 0.0, 6.0, -44.0, 2458.0, 0.05]
22:26:50.974 : Generated Params : [60.0, 550.0, 0.0, 0.0, 1.0, 70.0, 0.0, 0.0, 0.0, 0.0, 0.0, 0.0, 0.0, 0.0, 0.0, 0.0, 0.0, 0.1, 93.1, 0.1, 0.0, 5.0, 5.0, 7502.0, 0.05]
22:26:55.950 : Generated Params : [80.0, 820.0, 0.0, 0.0, 1.0, -94.0, 0.0, 0.0, 0.0, 0.0, 0.0, 0.0, 0.0, 0.0, 0.0, 0.0, 0.0, 0.1, 30.1, 0.1, 0.0, 44.0, -68.0, 8745.0, 0.05]
22:27:00.395 : Generated Params : [50.0, 990.0, 0.0, 0.0, 1.0, -62.0, 0.0, 0.0, 0.0, 0.0, 0.0, 0.0, 0.0, 0.0, 0.0, 0.0, 0.0, 0.1, 26.1, 0.1, 0.0, 27.0, -88.0, 1094.0, 0.05]
22:27:05.897 : Generated Params : [60.0, 1990.0, 0.0, 0.0, 1.0, 12.0, 0.0, 0.0, 0.0, 0.0, 0.0, 0.0, 0.0, 0.0, 0.0, 0.0, 0.0, 0.1, 96.1, 0.1, 0.0, 46.0, 100.0, 3064.0, 0.05]
22:27:10.395 : Generated Params : [80.0, 2750.0, 0.0, 0.0, 1.0, -38.0, 0.0, 0.0, 0.0, 0.0, 0.0, 0.0, 0.0, 0.0, 0.0, 0.0, 0.0, 0.1, 12.1, 0.1, 0.0, 26.0, 34.0, 1011.0, 0.05]
22:27:15.979 : Generated Params : [200.0, 1190.0, 0.0, 0.0, 1.0, -12.0, 0.0, 0.0, 0.0, 0.0, 0.0, 0.0, 0.0, 0.0, 0.0, 0.0, 0.0, 0.1, 82.1, 0.1, 0.0, 5.0, 80.0, 7264.0, 0.05]
22:27:20.462 : Generated Params : [70.0, 6390.0, 0.0, 0.0, 1.0, -94.0, 0.0, 0.0, 0.0, 0.0, 0.0, 0.0, 0.0, 0.0, 0.0, 0.0, 0.0, 0.1, 84.1, 0.1, 0.0, 63.0, -94.0, 3660.0, 0.05]
22:27:26.095 : Generated Params : [150.0, 2710.0, 0.0, 0.0, 1.0, -59.0, 0.0, 0.0, 0.0, 0.0, 0.0, 0.0, 0.0, 0.0, 0.0, 0.0, 0.0, 0.1, 1.1, 0.1, 0.0, 57.0, -56.0, 349.0, 0.05]
22:27:30.901 : Generated Params : [100.0, 620.0, 0.0, 0.0, 1.0, -56.0, 0.0, 0.0, 0.0, 0.0, 0.0, 0.0, 0.0, 0.0, 0.0, 0.0, 0.0, 0.1, 13.1, 0.1, 0.0, 74.0, -65.0, 5440.0, 0.05]
22:27:35.371 : Generated Params : [150.0, 540.0, 0.0, 0.0, 1.0, 50.0, 0.0, 0.0, 0.0, 0.0, 0.0, 0.0, 0.0, 0.0, 0.0, 0.0, 0.0, 0.1, 4.1, 0.1, 0.0, 50.0, -85.0, 3103.0, 0.05]
22:27:39.321 : Generated Params : [110.0, 1910.0, 0.0, 0.0, 1.0, -43.0, 0.0, 0.0, 0.0, 0.0, 0.0, 0.0, 0.0, 0.0, 0.0, 0.0, 0.0, 0.1, 74.1, 0.1, 0.0, 65.0, -11.0, 1200.0, 0.05]
22:27:43.190 : Generated Params : [130.0, 2950.0, 0.0, 0.0, 1.0, -76.0, 0.0, 0.0, 0.0, 0.0, 0.0, 0.0, 0.0, 0.0, 0.0, 0.0, 0.0, 0.1, 35.1, 0.1, 0.0, 52.0, 29.0, 3306.0, 0.05]
22:27:46.966 : Generated Params : [80.0, 1860.0, 0.0, 0.0, 1.0, 26.0, 0.0, 0.0, 0.0, 0.0, 0.0, 0.0, 0.0, 0.0, 0.0, 0.0, 0.0, 0.1, 79.1, 0.1, 0.0, 18.0, -65.0, 4592.0, 0.05]
22:27:51.658 : Generated Params : [190.0, 2390.0, 0.0, 0.0, 1.0, -88.0, 0.0, 0.0, 0.0, 0.0, 0.0, 0.0, 0.0, 0.0, 0.0, 0.0, 0.0, 0.1, 73.1, 0.1, 0.0, 41.0, -29.0, 2850.0, 0.05]
22:27:55.922 : Generated Params : [170.0, 1390.0, 0.0, 0.0, 1.0, -18.0, 0.0, 0.0, 0.0, 0.0, 0.0, 0.0, 0.0, 0.0, 0.0, 0.0, 0.0, 0.1, 66.1, 0.1, 0.0, 32.0, -92.0, 6718.0, 0.05]
22:28:01.303 : Generated Params : [80.0, 2700.0, 0.0, 0.0, 1.0, -1.0, 0.0, 0.0, 0.0, 0.0, 0.0, 0.0, 0.0, 0.0, 0.0, 0.0, 0.0, 0.1, 94.1, 0.1, 0.0, 24.0, 71.0, 1825.0, 0.05]
22:28:05.156 : Generated Params : [100.0, 5800.0, 0.0, 0.0, 1.0, -30.0, 0.0, 0.0, 0.0, 0.0, 0.0, 0.0, 0.0, 0.0, 0.0, 0.0, 0.0, 0.1, 51.1, 0.1, 0.0, 8.0, -50.0, 5465.0, 0.05]
22:28:09.048 : Generated Params : [70.0, 230.0, 0.0, 0.0, 1.0, -99.0, 0.0, 0.0, 0.0, 0.0, 0.0, 0.0, 0.0, 0.0, 0.0, 0.0, 0.0, 0.1, 16.1, 0.1, 0.0, 46.0, 41.0, 77.0, 0.05]
22:28:15.395 : ------------------------------------------------------------
22:28:15.395 : Loop #11
22:29:50.280 : Generated Params : [120.0, 360.0, 0.0, 0.0, 1.0, 61.0, 0.0, 0.0, 0.0, 0.0, 0.0, 0.0, 0.0, 0.0, 0.0, 0.0, 0.0, 0.1, 89.1, 0.1, 0.0, 15.0, -71.0, 6130.0, 0.05]
22:29:54.265 : Generated Params : [60.0, 6170.0, 0.0, 0.0, 1.0, -90.0, 0.0, 0.0, 0.0, 0.0, 0.0, 0.0, 0.0, 0.0, 0.0, 0.0, 0.0, 0.1, 64.1, 0.1, 0.0, 68.0, -27.0, 5038.0, 0.05]
22:29:58.203 : Generated Params : [140.0, 3740.0, 0.0, 0.0, 1.0, -13.0, 0.0, 0.0, 0.0, 0.0, 0.0, 0.0, 0.0, 0.0, 0.0, 0.0, 0.0, 0.1, 39.1, 0.1, 0.0, 55.0, -37.0, 136.0, 0.05]
22:30:02.243 : Generated Params : [80.0, 220.0, 0.0, 0.0, 1.0, -6.0, 0.0, 0.0, 0.0, 0.0, 0.0, 0.0, 0.0, 0.0, 0.0, 0.0, 0.0, 0.1, 45.1, 0.1, 0.0, 11.0, -23.0, 5774.0, 0.05]
22:30:06.257 : Generated Params : [60.0, 4150.0, 0.0, 0.0, 1.0, -81.0, 0.0, 0.0, 0.0, 0.0, 0.0, 0.0, 0.0, 0.0, 0.0, 0.0, 0.0, 0.1, 60.1, 0.1, 0.0, 13.0, -90.0, 2496.0, 0.05]
22:30:10.285 : Generated Params : [100.0, 4570.0, 0.0, 0.0, 1.0, -49.0, 0.0, 0.0, 0.0, 0.0, 0.0, 0.0, 0.0, 0.0, 0.0, 0.0, 0.0, 0.1, 91.1, 0.1, 0.0, 5.0, 36.0, 358.0, 0.05]
22:30:14.249 : Generated Params : [100.0, 7630.0, 0.0, 0.0, 1.0, 46.0, 0.0, 0.0, 0.0, 0.0, 0.0, 0.0, 0.0, 0.0, 0.0, 0.0, 0.0, 0.1, 36.1, 0.1, 0.0, 84.0, -59.0, 2925.0, 0.05]
22:30:18.217 : Generated Params : [60.0, 1950.0, 0.0, 0.0, 1.0, 37.0, 0.0, 0.0, 0.0, 0.0, 0.0, 0.0, 0.0, 0.0, 0.0, 0.0, 0.0, 0.1, 61.1, 0.1, 0.0, 53.0, 40.0, 4285.0, 0.05]
22:30:22.292 : Generated Params : [90.0, 2760.0, 0.0, 0.0, 1.0, -89.0, 0.0, 0.0, 0.0, 0.0, 0.0, 0.0, 0.0, 0.0, 0.0, 0.0, 0.0, 0.1, 66.1, 0.1, 0.0, 79.0, -71.0, 6095.0, 0.05]
22:30:26.221 : Generated Params : [130.0, 570.0, 0.0, 0.0, 1.0, -6.0, 0.0, 0.0, 0.0, 0.0, 0.0, 0.0, 0.0, 0.0, 0.0, 0.0, 0.0, 0.1, 70.1, 0.1, 0.0, 5.0, -89.0, 3259.0, 0.05]
22:30:30.203 : Generated Params : [80.0, 5260.0, 0.0, 0.0, 1.0, 62.0, 0.0, 0.0, 0.0, 0.0, 0.0, 0.0, 0.0, 0.0, 0.0, 0.0, 0.0, 0.1, 77.1, 0.1, 0.0, 63.0, -68.0, 5885.0, 0.05]
22:30:34.491 : Generated Params : [140.0, 7270.0, 0.0, 0.0, 1.0, 86.0, 0.0, 0.0, 0.0, 0.0, 0.0, 0.0, 0.0, 0.0, 0.0, 0.0, 0.0, 0.1, 44.1, 0.1, 0.0, 8.0, 25.0, 9637.0, 0.05]
22:30:38.310 : Generated Params : [80.0, 8540.0, 0.0, 0.0, 1.0, -89.0, 0.0, 0.0, 0.0, 0.0, 0.0, 0.0, 0.0, 0.0, 0.0, 0.0, 0.0, 0.1, 99.1, 0.1, 0.0, 30.0, -84.0, 812.0, 0.05]
22:30:42.248 : Generated Params : [50.0, 8100.0, 0.0, 0.0, 1.0, -66.0, 0.0, 0.0, 0.0, 0.0, 0.0, 0.0, 0.0, 0.0, 0.0, 0.0, 0.0, 0.1, 58.1, 0.1, 0.0, 91.0, -56.0, 657.0, 0.05]
22:30:46.282 : Generated Params : [70.0, 2890.0, 0.0, 0.0, 1.0, -68.0, 0.0, 0.0, 0.0, 0.0, 0.0, 0.0, 0.0, 0.0, 0.0, 0.0, 0.0, 0.1, 25.1, 0.1, 0.0, 81.0, 62.0, 9363.0, 0.05]
22:30:50.260 : Generated Params : [50.0, 1580.0, 0.0, 0.0, 1.0, 33.0, 0.0, 0.0, 0.0, 0.0, 0.0, 0.0, 0.0, 0.0, 0.0, 0.0, 0.0, 0.1, 66.1, 0.1, 0.0, 13.0, -71.0, 5533.0, 0.05]
22:30:54.327 : Generated Params : [110.0, 2280.0, 0.0, 0.0, 1.0, -2.0, 0.0, 0.0, 0.0, 0.0, 0.0, 0.0, 0.0, 0.0, 0.0, 0.0, 0.0, 0.1, 53.1, 0.1, 0.0, 41.0, -96.0, 6846.0, 0.05]
22:30:58.275 : Generated Params : [160.0, 2530.0, 0.0, 0.0, 1.0, -44.0, 0.0, 0.0, 0.0, 0.0, 0.0, 0.0, 0.0, 0.0, 0.0, 0.0, 0.0, 0.1, 63.1, 0.1, 0.0, 2.0, -53.0, 4644.0, 0.05]
22:31:02.282 : Generated Params : [190.0, 7710.0, 0.0, 0.0, 1.0, -13.0, 0.0, 0.0, 0.0, 0.0, 0.0, 0.0, 0.0, 0.0, 0.0, 0.0, 0.0, 0.1, 49.1, 0.1, 0.0, 73.0, -62.0, 1106.0, 0.05]
22:31:06.342 : Generated Params : [60.0, 8340.0, 0.0, 0.0, 1.0, 68.0, 0.0, 0.0, 0.0, 0.0, 0.0, 0.0, 0.0, 0.0, 0.0, 0.0, 0.0, 0.1, 51.1, 0.1, 0.0, 27.0, -5.0, 3917.0, 0.05]
22:31:10.286 : Generated Params : [60.0, 2810.0, 0.0, 0.0, 1.0, -44.0, 0.0, 0.0, 0.0, 0.0, 0.0, 0.0, 0.0, 0.0, 0.0, 0.0, 0.0, 0.1, 77.1, 0.1, 0.0, 44.0, 14.0, 741.0, 0.05]
22:31:14.232 : Generated Params : [50.0, 2400.0, 0.0, 0.0, 1.0, 68.0, 0.0, 0.0, 0.0, 0.0, 0.0, 0.0, 0.0, 0.0, 0.0, 0.0, 0.0, 0.1, 13.1, 0.1, 0.0, 32.0, -66.0, 3825.0, 0.05]
22:31:18.263 : Generated Params : [60.0, 6310.0, 0.0, 0.0, 1.0, -72.0, 0.0, 0.0, 0.0, 0.0, 0.0, 0.0, 0.0, 0.0, 0.0, 0.0, 0.0, 0.1, 30.1, 0.1, 0.0, 2.0, -66.0, 264.0, 0.05]
22:31:22.299 : Generated Params : [80.0, 2160.0, 0.0, 0.0, 1.0, 13.0, 0.0, 0.0, 0.0, 0.0, 0.0, 0.0, 0.0, 0.0, 0.0, 0.0, 0.0, 0.1, 30.1, 0.1, 0.0, 41.0, -69.0, 3139.0, 0.05]
22:31:27.675 : Generated Params : [50.0, 2510.0, 0.0, 0.0, 1.0, -24.0, 0.0, 0.0, 0.0, 0.0, 0.0, 0.0, 0.0, 0.0, 0.0, 0.0, 0.0, 0.1, 100.1, 0.1, 0.0, 27.0, -29.0, 4858.0, 0.05]
22:31:32.309 : Generated Params : [100.0, 5380.0, 0.0, 0.0, 1.0, -89.0, 0.0, 0.0, 0.0, 0.0, 0.0, 0.0, 0.0, 0.0, 0.0, 0.0, 0.0, 0.1, 62.1, 0.1, 0.0, 50.0, -10.0, 4236.0, 0.05]
22:31:38.668 : ------------------------------------------------------------
22:31:38.668 : Loop #12
22:33:13.283 : Generated Params : [60.0, 3470.0, 0.0, 0.0, 1.0, -68.0, 0.0, 0.0, 0.0, 0.0, 0.0, 0.0, 0.0, 0.0, 0.0, 0.0, 0.0, 0.1, 18.1, 0.1, 0.0, 63.0, -99.0, 5523.0, 0.05]
22:33:17.155 : Generated Params : [200.0, 2700.0, 0.0, 0.0, 1.0, -87.0, 0.0, 0.0, 0.0, 0.0, 0.0, 0.0, 0.0, 0.0, 0.0, 0.0, 0.0, 0.1, 37.1, 0.1, 0.0, 63.0, 13.0, 1267.0, 0.05]
22:33:21.016 : Generated Params : [200.0, 2310.0, 0.0, 0.0, 1.0, -41.0, 0.0, 0.0, 0.0, 0.0, 0.0, 0.0, 0.0, 0.0, 0.0, 0.0, 0.0, 0.1, 18.1, 0.1, 0.0, 65.0, -72.0, 1842.0, 0.05]
22:33:24.876 : Generated Params : [100.0, 2290.0, 0.0, 0.0, 1.0, 58.0, 0.0, 0.0, 0.0, 0.0, 0.0, 0.0, 0.0, 0.0, 0.0, 0.0, 0.0, 0.1, 31.1, 0.1, 0.0, 72.0, -42.0, 596.0, 0.05]
22:33:29.341 : Generated Params : [80.0, 3090.0, 0.0, 0.0, 1.0, -78.0, 0.0, 0.0, 0.0, 0.0, 0.0, 0.0, 0.0, 0.0, 0.0, 0.0, 0.0, 0.1, 93.1, 0.1, 0.0, 47.0, -89.0, 7316.0, 0.05]
22:33:33.170 : Generated Params : [120.0, 580.0, 0.0, 0.0, 1.0, -5.0, 0.0, 0.0, 0.0, 0.0, 0.0, 0.0, 0.0, 0.0, 0.0, 0.0, 0.0, 0.1, 93.1, 0.1, 0.0, 35.0, -30.0, 7151.0, 0.05]
22:33:37.028 : Generated Params : [80.0, 5200.0, 0.0, 0.0, 1.0, -23.0, 0.0, 0.0, 0.0, 0.0, 0.0, 0.0, 0.0, 0.0, 0.0, 0.0, 0.0, 0.1, 77.1, 0.1, 0.0, 3.0, -87.0, 325.0, 0.05]
22:33:41.007 : Generated Params : [60.0, 220.0, 0.0, 0.0, 1.0, -1.0, 0.0, 0.0, 0.0, 0.0, 0.0, 0.0, 0.0, 0.0, 0.0, 0.0, 0.0, 0.1, 60.1, 0.1, 0.0, 86.0, -47.0, 4813.0, 0.05]
22:33:44.870 : Generated Params : [120.0, 6260.0, 0.0, 0.0, 1.0, -62.0, 0.0, 0.0, 0.0, 0.0, 0.0, 0.0, 0.0, 0.0, 0.0, 0.0, 0.0, 0.1, 83.1, 0.1, 0.0, 44.0, -36.0, 16.0, 0.05]
22:33:49.276 : Generated Params : [120.0, 770.0, 0.0, 0.0, 1.0, -41.0, 0.0, 0.0, 0.0, 0.0, 0.0, 0.0, 0.0, 0.0, 0.0, 0.0, 0.0, 0.1, 51.1, 0.1, 0.0, 6.0, -8.0, 975.0, 0.05]
22:33:53.100 : Generated Params : [50.0, 930.0, 0.0, 0.0, 1.0, -66.0, 0.0, 0.0, 0.0, 0.0, 0.0, 0.0, 0.0, 0.0, 0.0, 0.0, 0.0, 0.1, 60.1, 0.1, 0.0, 6.0, 100.0, 7463.0, 0.05]
22:33:56.922 : Generated Params : [60.0, 840.0, 0.0, 0.0, 1.0, 8.0, 0.0, 0.0, 0.0, 0.0, 0.0, 0.0, 0.0, 0.0, 0.0, 0.0, 0.0, 0.1, 56.1, 0.1, 0.0, 92.0, 21.0, 6497.0, 0.05]
22:34:01.321 : Generated Params : [130.0, 1160.0, 0.0, 0.0, 1.0, -76.0, 0.0, 0.0, 0.0, 0.0, 0.0, 0.0, 0.0, 0.0, 0.0, 0.0, 0.0, 0.1, 57.1, 0.1, 0.0, 80.0, -58.0, 1501.0, 0.05]
22:34:05.253 : Generated Params : [180.0, 530.0, 0.0, 0.0, 1.0, -44.0, 0.0, 0.0, 0.0, 0.0, 0.0, 0.0, 0.0, 0.0, 0.0, 0.0, 0.0, 0.1, 20.1, 0.1, 0.0, 37.0, -94.0, 4585.0, 0.05]
22:34:09.117 : Generated Params : [200.0, 7030.0, 0.0, 0.0, 1.0, 28.0, 0.0, 0.0, 0.0, 0.0, 0.0, 0.0, 0.0, 0.0, 0.0, 0.0, 0.0, 0.1, 34.1, 0.1, 0.0, 6.0, 88.0, 1349.0, 0.05]
22:34:12.986 : Generated Params : [140.0, 1030.0, 0.0, 0.0, 1.0, 28.0, 0.0, 0.0, 0.0, 0.0, 0.0, 0.0, 0.0, 0.0, 0.0, 0.0, 0.0, 0.1, 26.1, 0.1, 0.0, 40.0, -36.0, 90.0, 0.05]
22:34:17.292 : Generated Params : [50.0, 880.0, 0.0, 0.0, 1.0, -85.0, 0.0, 0.0, 0.0, 0.0, 0.0, 0.0, 0.0, 0.0, 0.0, 0.0, 0.0, 0.1, 52.1, 0.1, 0.0, 32.0, -25.0, 8932.0, 0.05]
22:34:21.125 : Generated Params : [110.0, 5050.0, 0.0, 0.0, 1.0, -96.0, 0.0, 0.0, 0.0, 0.0, 0.0, 0.0, 0.0, 0.0, 0.0, 0.0, 0.0, 0.1, 8.1, 0.1, 0.0, 24.0, -97.0, 2346.0, 0.05]
22:34:24.967 : Generated Params : [120.0, 2550.0, 0.0, 0.0, 1.0, 28.0, 0.0, 0.0, 0.0, 0.0, 0.0, 0.0, 0.0, 0.0, 0.0, 0.0, 0.0, 0.1, 18.1, 0.1, 0.0, 17.0, 53.0, 874.0, 0.05]
22:34:29.839 : Generated Params : [60.0, 5540.0, 0.0, 0.0, 1.0, -96.0, 0.0, 0.0, 0.0, 0.0, 0.0, 0.0, 0.0, 0.0, 0.0, 0.0, 0.0, 0.1, 57.1, 0.1, 0.0, 52.0, -66.0, 953.0, 0.05]
22:34:34.232 : Generated Params : [90.0, 910.0, 0.0, 0.0, 1.0, 75.0, 0.0, 0.0, 0.0, 0.0, 0.0, 0.0, 0.0, 0.0, 0.0, 0.0, 0.0, 0.1, 40.1, 0.1, 0.0, 82.0, -82.0, 2365.0, 0.05]
22:34:40.919 : ------------------------------------------------------------
22:34:40.920 : Loop #13
22:36:16.383 : Generated Params : [110.0, 650.0, 0.0, 0.0, 1.0, -31.0, 0.0, 0.0, 0.0, 0.0, 0.0, 0.0, 0.0, 0.0, 0.0, 0.0, 0.0, 0.1, 8.1, 0.1, 0.0, 5.0, 74.0, 3843.0, 0.05]
22:36:20.340 : Generated Params : [150.0, 5770.0, 0.0, 0.0, 1.0, -32.0, 0.0, 0.0, 0.0, 0.0, 0.0, 0.0, 0.0, 0.0, 0.0, 0.0, 0.0, 0.1, 87.1, 0.1, 0.0, 5.0, 22.0, 8228.0, 0.05]
22:36:24.367 : Generated Params : [80.0, 2750.0, 0.0, 0.0, 1.0, 13.0, 0.0, 0.0, 0.0, 0.0, 0.0, 0.0, 0.0, 0.0, 0.0, 0.0, 0.0, 0.1, 5.1, 0.1, 0.0, 6.0, 0.0, 169.0, 0.05]
22:36:28.231 : Generated Params : [160.0, 2440.0, 0.0, 0.0, 1.0, -90.0, 0.0, 0.0, 0.0, 0.0, 0.0, 0.0, 0.0, 0.0, 0.0, 0.0, 0.0, 0.1, 52.1, 0.1, 0.0, 17.0, -39.0, 2390.0, 0.05]
22:36:32.253 : Generated Params : [160.0, 570.0, 0.0, 0.0, 1.0, 96.0, 0.0, 0.0, 0.0, 0.0, 0.0, 0.0, 0.0, 0.0, 0.0, 0.0, 0.0, 0.1, 36.1, 0.1, 0.0, 68.0, -49.0, 4218.0, 0.05]
22:36:36.240 : Generated Params : [110.0, 4940.0, 0.0, 0.0, 1.0, -18.0, 0.0, 0.0, 0.0, 0.0, 0.0, 0.0, 0.0, 0.0, 0.0, 0.0, 0.0, 0.1, 15.1, 0.1, 0.0, 29.0, -32.0, 2285.0, 0.05]
22:36:40.731 : Generated Params : [100.0, 620.0, 0.0, 0.0, 1.0, 18.0, 0.0, 0.0, 0.0, 0.0, 0.0, 0.0, 0.0, 0.0, 0.0, 0.0, 0.0, 0.1, 40.1, 0.1, 0.0, 6.0, -68.0, 6892.0, 0.05]
22:36:45.856 : Generated Params : [60.0, 1540.0, 0.0, 0.0, 1.0, 27.0, 0.0, 0.0, 0.0, 0.0, 0.0, 0.0, 0.0, 0.0, 0.0, 0.0, 0.0, 0.1, 7.1, 0.1, 0.0, 81.0, -37.0, 4996.0, 0.05]
22:36:50.269 : Generated Params : [110.0, 6050.0, 0.0, 0.0, 1.0, -5.0, 0.0, 0.0, 0.0, 0.0, 0.0, 0.0, 0.0, 0.0, 0.0, 0.0, 0.0, 0.1, 20.1, 0.1, 0.0, 14.0, 39.0, 5731.0, 0.05]
22:36:55.149 : Generated Params : [90.0, 7980.0, 0.0, 0.0, 1.0, -68.0, 0.0, 0.0, 0.0, 0.0, 0.0, 0.0, 0.0, 0.0, 0.0, 0.0, 0.0, 0.1, 91.1, 0.1, 0.0, 26.0, -47.0, 4251.0, 0.05]
22:36:59.075 : Generated Params : [120.0, 4350.0, 0.0, 0.0, 1.0, -75.0, 0.0, 0.0, 0.0, 0.0, 0.0, 0.0, 0.0, 0.0, 0.0, 0.0, 0.0, 0.1, 5.1, 0.1, 0.0, 8.0, -5.0, 6602.0, 0.05]
22:37:02.980 : Generated Params : [70.0, 1500.0, 0.0, 0.0, 1.0, -71.0, 0.0, 0.0, 0.0, 0.0, 0.0, 0.0, 0.0, 0.0, 0.0, 0.0, 0.0, 0.1, 71.1, 0.1, 0.0, 21.0, 17.0, 5657.0, 0.05]
22:37:07.689 : Generated Params : [60.0, 2920.0, 0.0, 0.0, 1.0, 73.0, 0.0, 0.0, 0.0, 0.0, 0.0, 0.0, 0.0, 0.0, 0.0, 0.0, 0.0, 0.1, 37.1, 0.1, 0.0, 61.0, -38.0, 2875.0, 0.05]
22:37:12.160 : Generated Params : [60.0, 1790.0, 0.0, 0.0, 1.0, -62.0, 0.0, 0.0, 0.0, 0.0, 0.0, 0.0, 0.0, 0.0, 0.0, 0.0, 0.0, 0.1, 78.1, 0.1, 0.0, 17.0, 70.0, 4587.0, 0.05]
22:37:17.089 : Generated Params : [100.0, 1290.0, 0.0, 0.0, 1.0, -47.0, 0.0, 0.0, 0.0, 0.0, 0.0, 0.0, 0.0, 0.0, 0.0, 0.0, 0.0, 0.1, 53.1, 0.1, 0.0, 57.0, -76.0, 4802.0, 0.05]
22:37:20.986 : Generated Params : [50.0, 160.0, 0.0, 0.0, 1.0, -26.0, 0.0, 0.0, 0.0, 0.0, 0.0, 0.0, 0.0, 0.0, 0.0, 0.0, 0.0, 0.1, 25.1, 0.1, 0.0, 15.0, 39.0, 4102.0, 0.05]
22:37:25.562 : Generated Params : [150.0, 8440.0, 0.0, 0.0, 1.0, 21.0, 0.0, 0.0, 0.0, 0.0, 0.0, 0.0, 0.0, 0.0, 0.0, 0.0, 0.0, 0.1, 39.1, 0.1, 0.0, 35.0, -71.0, 4664.0, 0.05]
22:37:30.115 : Generated Params : [60.0, 6740.0, 0.0, 0.0, 1.0, -66.0, 0.0, 0.0, 0.0, 0.0, 0.0, 0.0, 0.0, 0.0, 0.0, 0.0, 0.0, 0.1, 29.1, 0.1, 0.0, 26.0, 3.0, 4292.0, 0.05]
22:37:35.073 : Generated Params : [150.0, 2100.0, 0.0, 0.0, 1.0, -92.0, 0.0, 0.0, 0.0, 0.0, 0.0, 0.0, 0.0, 0.0, 0.0, 0.0, 0.0, 0.1, 30.1, 0.1, 0.0, 73.0, -56.0, 6920.0, 0.05]
22:37:39.010 : Generated Params : [130.0, 6460.0, 0.0, 0.0, 1.0, -61.0, 0.0, 0.0, 0.0, 0.0, 0.0, 0.0, 0.0, 0.0, 0.0, 0.0, 0.0, 0.1, 40.1, 0.1, 0.0, 50.0, -92.0, 6655.0, 0.05]
22:37:42.992 : Generated Params : [90.0, 8830.0, 0.0, 0.0, 1.0, -92.0, 0.0, 0.0, 0.0, 0.0, 0.0, 0.0, 0.0, 0.0, 0.0, 0.0, 0.0, 0.1, 52.1, 0.1, 0.0, 91.0, 73.0, 4603.0, 0.05]
22:37:47.664 : Generated Params : [140.0, 590.0, 0.0, 0.0, 1.0, -78.0, 0.0, 0.0, 0.0, 0.0, 0.0, 0.0, 0.0, 0.0, 0.0, 0.0, 0.0, 0.1, 98.1, 0.1, 0.0, 3.0, -59.0, 4385.0, 0.05]
22:37:52.606 : ------------------------------------------------------------
22:37:52.606 : Loop #14
22:39:28.123 : Generated Params : [130.0, 2680.0, 0.0, 0.0, 1.0, -88.0, 0.0, 0.0, 0.0, 0.0, 0.0, 0.0, 0.0, 0.0, 0.0, 0.0, 0.0, 0.1, 76.1, 0.1, 0.0, 65.0, -6.0, 1234.0, 0.05]
22:39:32.103 : Generated Params : [60.0, 4150.0, 0.0, 0.0, 1.0, -68.0, 0.0, 0.0, 0.0, 0.0, 0.0, 0.0, 0.0, 0.0, 0.0, 0.0, 0.0, 0.1, 67.1, 0.1, 0.0, 37.0, -79.0, 8089.0, 0.05]
22:39:36.079 : Generated Params : [60.0, 3470.0, 0.0, 0.0, 1.0, -11.0, 0.0, 0.0, 0.0, 0.0, 0.0, 0.0, 0.0, 0.0, 0.0, 0.0, 0.0, 0.1, 10.1, 0.1, 0.0, 6.0, -66.0, 6597.0, 0.05]
22:39:39.997 : Generated Params : [70.0, 8970.0, 0.0, 0.0, 1.0, -33.0, 0.0, 0.0, 0.0, 0.0, 0.0, 0.0, 0.0, 0.0, 0.0, 0.0, 0.0, 0.1, 41.1, 0.1, 0.0, 17.0, -31.0, 3288.0, 0.05]
22:39:43.942 : Generated Params : [100.0, 7370.0, 0.0, 0.0, 1.0, 95.0, 0.0, 0.0, 0.0, 0.0, 0.0, 0.0, 0.0, 0.0, 0.0, 0.0, 0.0, 0.1, 29.1, 0.1, 0.0, 11.0, -88.0, 1719.0, 0.05]
22:39:48.452 : Generated Params : [110.0, 2840.0, 0.0, 0.0, 1.0, -81.0, 0.0, 0.0, 0.0, 0.0, 0.0, 0.0, 0.0, 0.0, 0.0, 0.0, 0.0, 0.1, 89.1, 0.1, 0.0, 35.0, 43.0, 2327.0, 0.05]
22:39:52.573 : Generated Params : [110.0, 6010.0, 0.0, 0.0, 1.0, -61.0, 0.0, 0.0, 0.0, 0.0, 0.0, 0.0, 0.0, 0.0, 0.0, 0.0, 0.0, 0.1, 29.1, 0.1, 0.0, 24.0, -41.0, 989.0, 0.05]
22:39:57.022 : Generated Params : [70.0, 6290.0, 0.0, 0.0, 1.0, -53.0, 0.0, 0.0, 0.0, 0.0, 0.0, 0.0, 0.0, 0.0, 0.0, 0.0, 0.0, 0.1, 70.1, 0.1, 0.0, 53.0, -43.0, 1502.0, 0.05]
22:40:01.941 : Generated Params : [180.0, 1030.0, 0.0, 0.0, 1.0, 89.0, 0.0, 0.0, 0.0, 0.0, 0.0, 0.0, 0.0, 0.0, 0.0, 0.0, 0.0, 0.1, 13.1, 0.1, 0.0, 17.0, -42.0, 689.0, 0.05]
22:40:06.403 : Generated Params : [100.0, 2440.0, 0.0, 0.0, 1.0, -71.0, 0.0, 0.0, 0.0, 0.0, 0.0, 0.0, 0.0, 0.0, 0.0, 0.0, 0.0, 0.1, 7.1, 0.1, 0.0, 47.0, -68.0, 7167.0, 0.05]
22:40:10.303 : Generated Params : [120.0, 5990.0, 0.0, 0.0, 1.0, -97.0, 0.0, 0.0, 0.0, 0.0, 0.0, 0.0, 0.0, 0.0, 0.0, 0.0, 0.0, 0.1, 82.1, 0.1, 0.0, 30.0, -32.0, 2954.0, 0.05]
22:40:14.238 : Generated Params : [90.0, 700.0, 0.0, 0.0, 1.0, 90.0, 0.0, 0.0, 0.0, 0.0, 0.0, 0.0, 0.0, 0.0, 0.0, 0.0, 0.0, 0.1, 4.1, 0.1, 0.0, 65.0, 65.0, 9467.0, 0.05]
22:40:18.136 : Generated Params : [110.0, 1980.0, 0.0, 0.0, 1.0, 83.0, 0.0, 0.0, 0.0, 0.0, 0.0, 0.0, 0.0, 0.0, 0.0, 0.0, 0.0, 0.1, 79.1, 0.1, 0.0, 5.0, 0.0, 5030.0, 0.05]
22:40:22.036 : Generated Params : [110.0, 6400.0, 0.0, 0.0, 1.0, 80.0, 0.0, 0.0, 0.0, 0.0, 0.0, 0.0, 0.0, 0.0, 0.0, 0.0, 0.0, 0.1, 97.1, 0.1, 0.0, 14.0, 93.0, 3834.0, 0.05]
22:40:25.999 : Generated Params : [90.0, 620.0, 0.0, 0.0, 1.0, -39.0, 0.0, 0.0, 0.0, 0.0, 0.0, 0.0, 0.0, 0.0, 0.0, 0.0, 0.0, 0.1, 100.1, 0.1, 0.0, 20.0, -79.0, 3988.0, 0.05]
22:40:30.009 : Generated Params : [120.0, 8660.0, 0.0, 0.0, 1.0, -97.0, 0.0, 0.0, 0.0, 0.0, 0.0, 0.0, 0.0, 0.0, 0.0, 0.0, 0.0, 0.1, 78.1, 0.1, 0.0, 11.0, -23.0, 2758.0, 0.05]
22:40:33.954 : Generated Params : [190.0, 1950.0, 0.0, 0.0, 1.0, -18.0, 0.0, 0.0, 0.0, 0.0, 0.0, 0.0, 0.0, 0.0, 0.0, 0.0, 0.0, 0.1, 5.1, 0.1, 0.0, 2.0, 13.0, 3159.0, 0.05]
22:40:38.839 : Generated Params : [70.0, 1690.0, 0.0, 0.0, 1.0, -26.0, 0.0, 0.0, 0.0, 0.0, 0.0, 0.0, 0.0, 0.0, 0.0, 0.0, 0.0, 0.1, 91.1, 0.1, 0.0, 5.0, -59.0, 3299.0, 0.05]
22:40:43.251 : Generated Params : [70.0, 1430.0, 0.0, 0.0, 1.0, -90.0, 0.0, 0.0, 0.0, 0.0, 0.0, 0.0, 0.0, 0.0, 0.0, 0.0, 0.0, 0.1, 71.1, 0.1, 0.0, 24.0, -23.0, 104.0, 0.05]
22:40:48.275 : Generated Params : [100.0, 5950.0, 0.0, 0.0, 1.0, -56.0, 0.0, 0.0, 0.0, 0.0, 0.0, 0.0, 0.0, 0.0, 0.0, 0.0, 0.0, 0.1, 23.1, 0.1, 0.0, 29.0, 95.0, 8870.0, 0.05]
22:40:52.676 : Generated Params : [150.0, 1980.0, 0.0, 0.0, 1.0, 74.0, 0.0, 0.0, 0.0, 0.0, 0.0, 0.0, 0.0, 0.0, 0.0, 0.0, 0.0, 0.1, 42.1, 0.1, 0.0, 69.0, 68.0, 896.0, 0.05]
22:40:57.053 : Generated Params : [120.0, 6050.0, 0.0, 0.0, 1.0, -19.0, 0.0, 0.0, 0.0, 0.0, 0.0, 0.0, 0.0, 0.0, 0.0, 0.0, 0.0, 0.1, 93.1, 0.1, 0.0, 24.0, -11.0, 962.0, 0.05]
22:41:04.199 : ------------------------------------------------------------
22:41:04.199 : Loop #15
22:42:39.143 : Generated Params : [110.0, 3340.0, 0.0, 0.0, 1.0, 25.0, 0.0, 0.0, 0.0, 0.0, 0.0, 0.0, 0.0, 0.0, 0.0, 0.0, 0.0, 0.1, 83.1, 0.1, 0.0, 46.0, -96.0, 5983.0, 0.05]
22:42:43.080 : Generated Params : [60.0, 1160.0, 0.0, 0.0, 1.0, -72.0, 0.0, 0.0, 0.0, 0.0, 0.0, 0.0, 0.0, 0.0, 0.0, 0.0, 0.0, 0.1, 72.1, 0.1, 0.0, 88.0, 51.0, 7445.0, 0.05]
22:42:47.019 : Generated Params : [50.0, 7740.0, 0.0, 0.0, 1.0, -6.0, 0.0, 0.0, 0.0, 0.0, 0.0, 0.0, 0.0, 0.0, 0.0, 0.0, 0.0, 0.1, 8.1, 0.1, 0.0, 29.0, -18.0, 71.0, 0.05]
22:42:51.019 : Generated Params : [160.0, 270.0, 0.0, 0.0, 1.0, -1.0, 0.0, 0.0, 0.0, 0.0, 0.0, 0.0, 0.0, 0.0, 0.0, 0.0, 0.0, 0.1, 58.1, 0.1, 0.0, 61.0, -81.0, 1212.0, 0.05]
22:42:55.027 : Generated Params : [60.0, 4130.0, 0.0, 0.0, 1.0, -90.0, 0.0, 0.0, 0.0, 0.0, 0.0, 0.0, 0.0, 0.0, 0.0, 0.0, 0.0, 0.1, 60.1, 0.1, 0.0, 57.0, 23.0, 6884.0, 0.05]
22:42:59.183 : Generated Params : [120.0, 5570.0, 0.0, 0.0, 1.0, -88.0, 0.0, 0.0, 0.0, 0.0, 0.0, 0.0, 0.0, 0.0, 0.0, 0.0, 0.0, 0.1, 54.1, 0.1, 0.0, 15.0, -63.0, 6787.0, 0.05]
22:43:03.118 : Generated Params : [100.0, 2200.0, 0.0, 0.0, 1.0, -47.0, 0.0, 0.0, 0.0, 0.0, 0.0, 0.0, 0.0, 0.0, 0.0, 0.0, 0.0, 0.1, 79.1, 0.1, 0.0, 30.0, -31.0, 5484.0, 0.05]
22:43:07.078 : Generated Params : [150.0, 1580.0, 0.0, 0.0, 1.0, -50.0, 0.0, 0.0, 0.0, 0.0, 0.0, 0.0, 0.0, 0.0, 0.0, 0.0, 0.0, 0.1, 56.1, 0.1, 0.0, 11.0, -16.0, 2389.0, 0.05]
22:43:11.946 : Generated Params : [200.0, 4210.0, 0.0, 0.0, 1.0, -49.0, 0.0, 0.0, 0.0, 0.0, 0.0, 0.0, 0.0, 0.0, 0.0, 0.0, 0.0, 0.1, 90.1, 0.1, 0.0, 14.0, -12.0, 6183.0, 0.05]
22:43:16.232 : Generated Params : [100.0, 6430.0, 0.0, 0.0, 1.0, -94.0, 0.0, 0.0, 0.0, 0.0, 0.0, 0.0, 0.0, 0.0, 0.0, 0.0, 0.0, 0.1, 12.1, 0.1, 0.0, 13.0, -18.0, 1255.0, 0.05]
22:43:20.031 : Generated Params : [150.0, 8310.0, 0.0, 0.0, 1.0, -52.0, 0.0, 0.0, 0.0, 0.0, 0.0, 0.0, 0.0, 0.0, 0.0, 0.0, 0.0, 0.1, 36.1, 0.1, 0.0, 17.0, -92.0, 1143.0, 0.05]
22:43:23.864 : Generated Params : [170.0, 1290.0, 0.0, 0.0, 1.0, -84.0, 0.0, 0.0, 0.0, 0.0, 0.0, 0.0, 0.0, 0.0, 0.0, 0.0, 0.0, 0.1, 100.1, 0.1, 0.0, 41.0, 8.0, 4536.0, 0.05]
22:43:28.143 : Generated Params : [50.0, 2320.0, 0.0, 0.0, 1.0, -59.0, 0.0, 0.0, 0.0, 0.0, 0.0, 0.0, 0.0, 0.0, 0.0, 0.0, 0.0, 0.1, 76.1, 0.1, 0.0, 8.0, 63.0, 2188.0, 0.05]
22:43:31.956 : Generated Params : [110.0, 220.0, 0.0, 0.0, 1.0, -81.0, 0.0, 0.0, 0.0, 0.0, 0.0, 0.0, 0.0, 0.0, 0.0, 0.0, 0.0, 0.1, 12.1, 0.1, 0.0, 35.0, 79.0, 3818.0, 0.05]
22:43:36.244 : Generated Params : [50.0, 6170.0, 0.0, 0.0, 1.0, -66.0, 0.0, 0.0, 0.0, 0.0, 0.0, 0.0, 0.0, 0.0, 0.0, 0.0, 0.0, 0.1, 67.1, 0.1, 0.0, 63.0, -94.0, 94.0, 0.05]
22:43:40.065 : Generated Params : [50.0, 1320.0, 0.0, 0.0, 1.0, -98.0, 0.0, 0.0, 0.0, 0.0, 0.0, 0.0, 0.0, 0.0, 0.0, 0.0, 0.0, 0.1, 37.1, 0.1, 0.0, 15.0, -49.0, 1616.0, 0.05]
22:43:43.931 : Generated Params : [70.0, 4730.0, 0.0, 0.0, 1.0, 54.0, 0.0, 0.0, 0.0, 0.0, 0.0, 0.0, 0.0, 0.0, 0.0, 0.0, 0.0, 0.1, 45.1, 0.1, 0.0, 20.0, -81.0, 554.0, 0.05]
22:43:48.229 : Generated Params : [120.0, 7250.0, 0.0, 0.0, 1.0, -65.0, 0.0, 0.0, 0.0, 0.0, 0.0, 0.0, 0.0, 0.0, 0.0, 0.0, 0.0, 0.1, 2.1, 0.1, 0.0, 86.0, -79.0, 8945.0, 0.05]
22:43:52.039 : Generated Params : [90.0, 1320.0, 0.0, 0.0, 1.0, 27.0, 0.0, 0.0, 0.0, 0.0, 0.0, 0.0, 0.0, 0.0, 0.0, 0.0, 0.0, 0.1, 49.1, 0.1, 0.0, 26.0, -84.0, 620.0, 0.05]
22:43:55.842 : Generated Params : [120.0, 1770.0, 0.0, 0.0, 1.0, 20.0, 0.0, 0.0, 0.0, 0.0, 0.0, 0.0, 0.0, 0.0, 0.0, 0.0, 0.0, 0.1, 60.1, 0.1, 0.0, 23.0, -12.0, 4166.0, 0.05]
22:44:00.168 : Generated Params : [50.0, 7020.0, 0.0, 0.0, 1.0, 100.0, 0.0, 0.0, 0.0, 0.0, 0.0, 0.0, 0.0, 0.0, 0.0, 0.0, 0.0, 0.1, 80.1, 0.1, 0.0, 15.0, -24.0, 1797.0, 0.05]
22:44:03.968 : Generated Params : [110.0, 3530.0, 0.0, 0.0, 1.0, -65.0, 0.0, 0.0, 0.0, 0.0, 0.0, 0.0, 0.0, 0.0, 0.0, 0.0, 0.0, 0.1, 59.1, 0.1, 0.0, 24.0, -69.0, 2509.0, 0.05]
22:44:08.254 : Generated Params : [70.0, 7530.0, 0.0, 0.0, 1.0, -48.0, 0.0, 0.0, 0.0, 0.0, 0.0, 0.0, 0.0, 0.0, 0.0, 0.0, 0.0, 0.1, 13.1, 0.1, 0.0, 63.0, -45.0, 3020.0, 0.05]
22:44:16.465 : ------------------------------------------------------------
22:44:16.465 : Loop #16
22:45:51.158 : Generated Params : [190.0, 5050.0, 0.0, 0.0, 1.0, -31.0, 0.0, 0.0, 0.0, 0.0, 0.0, 0.0, 0.0, 0.0, 0.0, 0.0, 0.0, 0.1, 23.1, 0.1, 0.0, 53.0, -61.0, 2046.0, 0.05]
22:45:55.522 : Generated Params : [50.0, 1830.0, 0.0, 0.0, 1.0, 13.0, 0.0, 0.0, 0.0, 0.0, 0.0, 0.0, 0.0, 0.0, 0.0, 0.0, 0.0, 0.1, 94.1, 0.1, 0.0, 80.0, -53.0, 4362.0, 0.05]
22:45:59.350 : Generated Params : [80.0, 570.0, 0.0, 0.0, 1.0, 88.0, 0.0, 0.0, 0.0, 0.0, 0.0, 0.0, 0.0, 0.0, 0.0, 0.0, 0.0, 0.1, 18.1, 0.1, 0.0, 47.0, 58.0, 2803.0, 0.05]
22:46:03.480 : Generated Params : [120.0, 5260.0, 0.0, 0.0, 1.0, -13.0, 0.0, 0.0, 0.0, 0.0, 0.0, 0.0, 0.0, 0.0, 0.0, 0.0, 0.0, 0.1, 76.1, 0.1, 0.0, 92.0, 33.0, 4922.0, 0.05]
22:46:07.371 : Generated Params : [110.0, 9260.0, 0.0, 0.0, 1.0, 42.0, 0.0, 0.0, 0.0, 0.0, 0.0, 0.0, 0.0, 0.0, 0.0, 0.0, 0.0, 0.1, 31.1, 0.1, 0.0, 27.0, -56.0, 8458.0, 0.05]
22:46:11.282 : Generated Params : [60.0, 950.0, 0.0, 0.0, 1.0, 61.0, 0.0, 0.0, 0.0, 0.0, 0.0, 0.0, 0.0, 0.0, 0.0, 0.0, 0.0, 0.1, 51.1, 0.1, 0.0, 18.0, 54.0, 1333.0, 0.05]
22:46:15.274 : Generated Params : [140.0, 2210.0, 0.0, 0.0, 1.0, -85.0, 0.0, 0.0, 0.0, 0.0, 0.0, 0.0, 0.0, 0.0, 0.0, 0.0, 0.0, 0.1, 72.1, 0.1, 0.0, 11.0, 25.0, 4779.0, 0.05]
22:46:19.275 : Generated Params : [90.0, 570.0, 0.0, 0.0, 1.0, 15.0, 0.0, 0.0, 0.0, 0.0, 0.0, 0.0, 0.0, 0.0, 0.0, 0.0, 0.0, 0.1, 79.1, 0.1, 0.0, 5.0, -37.0, 9231.0, 0.05]
22:46:23.255 : Generated Params : [50.0, 8640.0, 0.0, 0.0, 1.0, 12.0, 0.0, 0.0, 0.0, 0.0, 0.0, 0.0, 0.0, 0.0, 0.0, 0.0, 0.0, 0.1, 57.1, 0.1, 0.0, 82.0, -81.0, 3789.0, 0.05]
22:46:27.371 : Generated Params : [60.0, 1080.0, 0.0, 0.0, 1.0, 38.0, 0.0, 0.0, 0.0, 0.0, 0.0, 0.0, 0.0, 0.0, 0.0, 0.0, 0.0, 0.1, 72.1, 0.1, 0.0, 3.0, 52.0, 1201.0, 0.05]
22:46:31.308 : Generated Params : [90.0, 9020.0, 0.0, 0.0, 1.0, -81.0, 0.0, 0.0, 0.0, 0.0, 0.0, 0.0, 0.0, 0.0, 0.0, 0.0, 0.0, 0.1, 27.1, 0.1, 0.0, 32.0, -5.0, 855.0, 0.05]
22:46:35.310 : Generated Params : [150.0, 1120.0, 0.0, 0.0, 1.0, -12.0, 0.0, 0.0, 0.0, 0.0, 0.0, 0.0, 0.0, 0.0, 0.0, 0.0, 0.0, 0.1, 61.1, 0.1, 0.0, 64.0, -12.0, 5495.0, 0.05]
22:46:39.360 : Generated Params : [60.0, 1790.0, 0.0, 0.0, 1.0, -32.0, 0.0, 0.0, 0.0, 0.0, 0.0, 0.0, 0.0, 0.0, 0.0, 0.0, 0.0, 0.1, 96.1, 0.1, 0.0, 24.0, -2.0, 742.0, 0.05]
22:46:43.247 : Generated Params : [80.0, 660.0, 0.0, 0.0, 1.0, -4.0, 0.0, 0.0, 0.0, 0.0, 0.0, 0.0, 0.0, 0.0, 0.0, 0.0, 0.0, 0.1, 23.1, 0.1, 0.0, 17.0, 86.0, 867.0, 0.05]
22:46:47.264 : Generated Params : [60.0, 3570.0, 0.0, 0.0, 1.0, 50.0, 0.0, 0.0, 0.0, 0.0, 0.0, 0.0, 0.0, 0.0, 0.0, 0.0, 0.0, 0.1, 72.1, 0.1, 0.0, 53.0, -37.0, 4834.0, 0.05]
22:46:51.292 : Generated Params : [50.0, 290.0, 0.0, 0.0, 1.0, -78.0, 0.0, 0.0, 0.0, 0.0, 0.0, 0.0, 0.0, 0.0, 0.0, 0.0, 0.0, 0.1, 70.1, 0.1, 0.0, 11.0, 2.0, 5588.0, 0.05]
22:46:55.346 : Generated Params : [180.0, 3000.0, 0.0, 0.0, 1.0, 31.0, 0.0, 0.0, 0.0, 0.0, 0.0, 0.0, 0.0, 0.0, 0.0, 0.0, 0.0, 0.1, 58.1, 0.1, 0.0, 81.0, -92.0, 3231.0, 0.05]
22:46:59.289 : Generated Params : [80.0, 8980.0, 0.0, 0.0, 1.0, -65.0, 0.0, 0.0, 0.0, 0.0, 0.0, 0.0, 0.0, 0.0, 0.0, 0.0, 0.0, 0.1, 26.1, 0.1, 0.0, 52.0, -79.0, 1573.0, 0.05]
22:47:03.334 : Generated Params : [80.0, 780.0, 0.0, 0.0, 1.0, -94.0, 0.0, 0.0, 0.0, 0.0, 0.0, 0.0, 0.0, 0.0, 0.0, 0.0, 0.0, 0.1, 27.1, 0.1, 0.0, 32.0, -24.0, 1257.0, 0.05]
22:47:07.300 : Generated Params : [80.0, 6370.0, 0.0, 0.0, 1.0, -2.0, 0.0, 0.0, 0.0, 0.0, 0.0, 0.0, 0.0, 0.0, 0.0, 0.0, 0.0, 0.1, 59.1, 0.1, 0.0, 21.0, -69.0, 2114.0, 0.05]
22:47:11.584 : Generated Params : [200.0, 6870.0, 0.0, 0.0, 1.0, -31.0, 0.0, 0.0, 0.0, 0.0, 0.0, 0.0, 0.0, 0.0, 0.0, 0.0, 0.0, 0.1, 25.1, 0.1, 0.0, 26.0, -71.0, 5509.0, 0.05]
22:47:15.553 : Generated Params : [130.0, 2320.0, 0.0, 0.0, 1.0, -79.0, 0.0, 0.0, 0.0, 0.0, 0.0, 0.0, 0.0, 0.0, 0.0, 0.0, 0.0, 0.1, 8.1, 0.1, 0.0, 55.0, -94.0, 650.0, 0.05]
22:47:19.523 : Generated Params : [190.0, 5190.0, 0.0, 0.0, 1.0, 63.0, 0.0, 0.0, 0.0, 0.0, 0.0, 0.0, 0.0, 0.0, 0.0, 0.0, 0.0, 0.1, 31.1, 0.1, 0.0, 33.0, -79.0, 7006.0, 0.05]
22:47:26.988 : ------------------------------------------------------------
22:47:26.988 : Loop #17
22:49:03.142 : Generated Params : [50.0, 8000.0, 0.0, 0.0, 1.0, -76.0, 0.0, 0.0, 0.0, 0.0, 0.0, 0.0, 0.0, 0.0, 0.0, 0.0, 0.0, 0.1, 60.1, 0.1, 0.0, 3.0, 45.0, 2611.0, 0.05]
22:49:07.159 : Generated Params : [150.0, 2590.0, 0.0, 0.0, 1.0, -98.0, 0.0, 0.0, 0.0, 0.0, 0.0, 0.0, 0.0, 0.0, 0.0, 0.0, 0.0, 0.1, 10.1, 0.1, 0.0, 11.0, -90.0, 3698.0, 0.05]
22:49:11.526 : Generated Params : [50.0, 4150.0, 0.0, 0.0, 1.0, -63.0, 0.0, 0.0, 0.0, 0.0, 0.0, 0.0, 0.0, 0.0, 0.0, 0.0, 0.0, 0.1, 52.1, 0.1, 0.0, 6.0, -14.0, 3649.0, 0.05]
22:49:15.951 : Generated Params : [200.0, 4700.0, 0.0, 0.0, 1.0, -23.0, 0.0, 0.0, 0.0, 0.0, 0.0, 0.0, 0.0, 0.0, 0.0, 0.0, 0.0, 0.1, 26.1, 0.1, 0.0, 14.0, -45.0, 2796.0, 0.05]
22:49:20.361 : Generated Params : [150.0, 6840.0, 0.0, 0.0, 1.0, -42.0, 0.0, 0.0, 0.0, 0.0, 0.0, 0.0, 0.0, 0.0, 0.0, 0.0, 0.0, 0.1, 7.1, 0.1, 0.0, 8.0, 59.0, 4763.0, 0.05]
22:49:25.847 : Generated Params : [180.0, 2620.0, 0.0, 0.0, 1.0, -59.0, 0.0, 0.0, 0.0, 0.0, 0.0, 0.0, 0.0, 0.0, 0.0, 0.0, 0.0, 0.1, 47.1, 0.1, 0.0, 26.0, -36.0, 9614.0, 0.05]
22:49:30.232 : Generated Params : [60.0, 4260.0, 0.0, 0.0, 1.0, -76.0, 0.0, 0.0, 0.0, 0.0, 0.0, 0.0, 0.0, 0.0, 0.0, 0.0, 0.0, 0.1, 44.1, 0.1, 0.0, 23.0, -99.0, 262.0, 0.05]
22:49:35.538 : Generated Params : [170.0, 350.0, 0.0, 0.0, 1.0, -76.0, 0.0, 0.0, 0.0, 0.0, 0.0, 0.0, 0.0, 0.0, 0.0, 0.0, 0.0, 0.1, 15.1, 0.1, 0.0, 9.0, -90.0, 3676.0, 0.05]
22:49:39.909 : Generated Params : [140.0, 6520.0, 0.0, 0.0, 1.0, -62.0, 0.0, 0.0, 0.0, 0.0, 0.0, 0.0, 0.0, 0.0, 0.0, 0.0, 0.0, 0.1, 7.1, 0.1, 0.0, 18.0, -89.0, 950.0, 0.05]
22:49:44.411 : Generated Params : [50.0, 9230.0, 0.0, 0.0, 1.0, -37.0, 0.0, 0.0, 0.0, 0.0, 0.0, 0.0, 0.0, 0.0, 0.0, 0.0, 0.0, 0.1, 25.1, 0.1, 0.0, 80.0, -6.0, 3090.0, 0.05]
22:49:49.437 : Generated Params : [80.0, 200.0, 0.0, 0.0, 1.0, 52.0, 0.0, 0.0, 0.0, 0.0, 0.0, 0.0, 0.0, 0.0, 0.0, 0.0, 0.0, 0.1, 31.1, 0.1, 0.0, 24.0, 43.0, 451.0, 0.05]
22:49:54.036 : Generated Params : [60.0, 840.0, 0.0, 0.0, 1.0, -11.0, 0.0, 0.0, 0.0, 0.0, 0.0, 0.0, 0.0, 0.0, 0.0, 0.0, 0.0, 0.1, 45.1, 0.1, 0.0, 27.0, -56.0, 5494.0, 0.05]
22:49:58.976 : Generated Params : [150.0, 2670.0, 0.0, 0.0, 1.0, -63.0, 0.0, 0.0, 0.0, 0.0, 0.0, 0.0, 0.0, 0.0, 0.0, 0.0, 0.0, 0.1, 25.1, 0.1, 0.0, 47.0, 56.0, 2521.0, 0.05]
22:50:03.845 : Generated Params : [110.0, 900.0, 0.0, 0.0, 1.0, -71.0, 0.0, 0.0, 0.0, 0.0, 0.0, 0.0, 0.0, 0.0, 0.0, 0.0, 0.0, 0.1, 62.1, 0.1, 0.0, 68.0, -74.0, 1792.0, 0.05]
22:50:08.328 : Generated Params : [60.0, 2540.0, 0.0, 0.0, 1.0, -42.0, 0.0, 0.0, 0.0, 0.0, 0.0, 0.0, 0.0, 0.0, 0.0, 0.0, 0.0, 0.1, 60.1, 0.1, 0.0, 73.0, -6.0, 1128.0, 0.05]
22:50:13.548 : Generated Params : [130.0, 1980.0, 0.0, 0.0, 1.0, 37.0, 0.0, 0.0, 0.0, 0.0, 0.0, 0.0, 0.0, 0.0, 0.0, 0.0, 0.0, 0.1, 94.1, 0.1, 0.0, 21.0, -55.0, 3426.0, 0.05]
22:50:18.100 : Generated Params : [90.0, 1570.0, 0.0, 0.0, 1.0, -26.0, 0.0, 0.0, 0.0, 0.0, 0.0, 0.0, 0.0, 0.0, 0.0, 0.0, 0.0, 0.1, 50.1, 0.1, 0.0, 81.0, -71.0, 5782.0, 0.05]
22:50:23.045 : Generated Params : [120.0, 1160.0, 0.0, 0.0, 1.0, -84.0, 0.0, 0.0, 0.0, 0.0, 0.0, 0.0, 0.0, 0.0, 0.0, 0.0, 0.0, 0.1, 8.1, 0.1, 0.0, 11.0, -96.0, 9633.0, 0.05]
22:50:31.900 : ------------------------------------------------------------
22:50:31.900 : Loop #18
22:52:07.440 : Generated Params : [110.0, 4270.0, 0.0, 0.0, 1.0, -58.0, 0.0, 0.0, 0.0, 0.0, 0.0, 0.0, 0.0, 0.0, 0.0, 0.0, 0.0, 0.1, 34.1, 0.1, 0.0, 13.0, 25.0, 3902.0, 0.05]
22:52:11.388 : Generated Params : [70.0, 190.0, 0.0, 0.0, 1.0, 4.0, 0.0, 0.0, 0.0, 0.0, 0.0, 0.0, 0.0, 0.0, 0.0, 0.0, 0.0, 0.1, 20.1, 0.1, 0.0, 35.0, -18.0, 1659.0, 0.05]
22:52:15.478 : Generated Params : [120.0, 7820.0, 0.0, 0.0, 1.0, -84.0, 0.0, 0.0, 0.0, 0.0, 0.0, 0.0, 0.0, 0.0, 0.0, 0.0, 0.0, 0.1, 92.1, 0.1, 0.0, 8.0, -66.0, 3268.0, 0.05]
22:52:19.561 : Generated Params : [70.0, 8260.0, 0.0, 0.0, 1.0, -43.0, 0.0, 0.0, 0.0, 0.0, 0.0, 0.0, 0.0, 0.0, 0.0, 0.0, 0.0, 0.1, 29.1, 0.1, 0.0, 2.0, -12.0, 3556.0, 0.05]
22:52:23.467 : Generated Params : [110.0, 4210.0, 0.0, 0.0, 1.0, -72.0, 0.0, 0.0, 0.0, 0.0, 0.0, 0.0, 0.0, 0.0, 0.0, 0.0, 0.0, 0.1, 36.1, 0.1, 0.0, 38.0, -79.0, 5251.0, 0.05]
22:52:27.453 : Generated Params : [180.0, 2510.0, 0.0, 0.0, 1.0, -12.0, 0.0, 0.0, 0.0, 0.0, 0.0, 0.0, 0.0, 0.0, 0.0, 0.0, 0.0, 0.1, 97.1, 0.1, 0.0, 62.0, -99.0, 8680.0, 0.05]
22:52:31.526 : Generated Params : [110.0, 190.0, 0.0, 0.0, 1.0, -68.0, 0.0, 0.0, 0.0, 0.0, 0.0, 0.0, 0.0, 0.0, 0.0, 0.0, 0.0, 0.1, 8.1, 0.1, 0.0, 58.0, -44.0, 3737.0, 0.05]
22:52:35.507 : Generated Params : [120.0, 1540.0, 0.0, 0.0, 1.0, -82.0, 0.0, 0.0, 0.0, 0.0, 0.0, 0.0, 0.0, 0.0, 0.0, 0.0, 0.0, 0.1, 51.1, 0.1, 0.0, 32.0, -14.0, 4637.0, 0.05]
22:52:39.421 : Generated Params : [90.0, 910.0, 0.0, 0.0, 1.0, -84.0, 0.0, 0.0, 0.0, 0.0, 0.0, 0.0, 0.0, 0.0, 0.0, 0.0, 0.0, 0.1, 25.1, 0.1, 0.0, 17.0, -79.0, 4154.0, 0.05]
22:52:43.415 : Generated Params : [60.0, 9360.0, 0.0, 0.0, 1.0, -81.0, 0.0, 0.0, 0.0, 0.0, 0.0, 0.0, 0.0, 0.0, 0.0, 0.0, 0.0, 0.1, 20.1, 0.1, 0.0, 61.0, 98.0, 4238.0, 0.05]
22:52:47.397 : Generated Params : [120.0, 9100.0, 0.0, 0.0, 1.0, -23.0, 0.0, 0.0, 0.0, 0.0, 0.0, 0.0, 0.0, 0.0, 0.0, 0.0, 0.0, 0.1, 23.1, 0.1, 0.0, 37.0, -97.0, 2825.0, 0.05]
22:52:51.335 : Generated Params : [180.0, 3860.0, 0.0, 0.0, 1.0, 13.0, 0.0, 0.0, 0.0, 0.0, 0.0, 0.0, 0.0, 0.0, 0.0, 0.0, 0.0, 0.1, 58.1, 0.1, 0.0, 29.0, -99.0, 1791.0, 0.05]
22:52:55.357 : Generated Params : [60.0, 3640.0, 0.0, 0.0, 1.0, 15.0, 0.0, 0.0, 0.0, 0.0, 0.0, 0.0, 0.0, 0.0, 0.0, 0.0, 0.0, 0.1, 20.1, 0.1, 0.0, 47.0, 12.0, 60.0, 0.05]
22:52:59.378 : Generated Params : [80.0, 1650.0, 0.0, 0.0, 1.0, -35.0, 0.0, 0.0, 0.0, 0.0, 0.0, 0.0, 0.0, 0.0, 0.0, 0.0, 0.0, 0.1, 52.1, 0.1, 0.0, 14.0, 5.0, 3936.0, 0.05]
22:53:03.620 : Generated Params : [70.0, 2100.0, 0.0, 0.0, 1.0, -62.0, 0.0, 0.0, 0.0, 0.0, 0.0, 0.0, 0.0, 0.0, 0.0, 0.0, 0.0, 0.1, 44.1, 0.1, 0.0, 2.0, -62.0, 1847.0, 0.05]
22:53:07.833 : Generated Params : [90.0, 3000.0, 0.0, 0.0, 1.0, 4.0, 0.0, 0.0, 0.0, 0.0, 0.0, 0.0, 0.0, 0.0, 0.0, 0.0, 0.0, 0.1, 47.1, 0.1, 0.0, 73.0, -94.0, 3766.0, 0.05]
22:53:11.787 : Generated Params : [120.0, 4100.0, 0.0, 0.0, 1.0, -6.0, 0.0, 0.0, 0.0, 0.0, 0.0, 0.0, 0.0, 0.0, 0.0, 0.0, 0.0, 0.1, 78.1, 0.1, 0.0, 73.0, -44.0, 726.0, 0.05]
22:53:16.286 : Generated Params : [100.0, 820.0, 0.0, 0.0, 1.0, -81.0, 0.0, 0.0, 0.0, 0.0, 0.0, 0.0, 0.0, 0.0, 0.0, 0.0, 0.0, 0.1, 23.1, 0.1, 0.0, 17.0, 14.0, 5264.0, 0.05]
22:53:21.420 : Generated Params : [90.0, 2120.0, 0.0, 0.0, 1.0, -79.0, 0.0, 0.0, 0.0, 0.0, 0.0, 0.0, 0.0, 0.0, 0.0, 0.0, 0.0, 0.1, 70.1, 0.1, 0.0, 65.0, 30.0, 5624.0, 0.05]
22:53:25.577 : Generated Params : [120.0, 3030.0, 0.0, 0.0, 1.0, 29.0, 0.0, 0.0, 0.0, 0.0, 0.0, 0.0, 0.0, 0.0, 0.0, 0.0, 0.0, 0.1, 15.1, 0.1, 0.0, 5.0, -89.0, 620.0, 0.05]
22:53:29.488 : Generated Params : [150.0, 2210.0, 0.0, 0.0, 1.0, 56.0, 0.0, 0.0, 0.0, 0.0, 0.0, 0.0, 0.0, 0.0, 0.0, 0.0, 0.0, 0.1, 12.1, 0.1, 0.0, 38.0, -85.0, 9984.0, 0.05]
22:53:33.504 : Generated Params : [90.0, 5960.0, 0.0, 0.0, 1.0, -84.0, 0.0, 0.0, 0.0, 0.0, 0.0, 0.0, 0.0, 0.0, 0.0, 0.0, 0.0, 0.1, 58.1, 0.1, 0.0, 24.0, 0.0, 2382.0, 0.05]
22:53:42.709 : ------------------------------------------------------------
22:53:42.709 : Loop #19
22:55:18.392 : Generated Params : [60.0, 3270.0, 0.0, 0.0, 1.0, -6.0, 0.0, 0.0, 0.0, 0.0, 0.0, 0.0, 0.0, 0.0, 0.0, 0.0, 0.0, 0.1, 50.1, 0.1, 0.0, 68.0, -69.0, 475.0, 0.05]
22:55:23.728 : Generated Params : [60.0, 1290.0, 0.0, 0.0, 1.0, 33.0, 0.0, 0.0, 0.0, 0.0, 0.0, 0.0, 0.0, 0.0, 0.0, 0.0, 0.0, 0.1, 83.1, 0.1, 0.0, 73.0, -72.0, 2875.0, 0.05]
22:55:28.258 : Generated Params : [160.0, 2760.0, 0.0, 0.0, 1.0, -68.0, 0.0, 0.0, 0.0, 0.0, 0.0, 0.0, 0.0, 0.0, 0.0, 0.0, 0.0, 0.1, 92.1, 0.1, 0.0, 29.0, -89.0, 624.0, 0.05]
22:55:33.298 : Generated Params : [170.0, 1180.0, 0.0, 0.0, 1.0, -20.0, 0.0, 0.0, 0.0, 0.0, 0.0, 0.0, 0.0, 0.0, 0.0, 0.0, 0.0, 0.1, 27.1, 0.1, 0.0, 26.0, -82.0, 2081.0, 0.05]
22:55:37.708 : Generated Params : [80.0, 8190.0, 0.0, 0.0, 1.0, -75.0, 0.0, 0.0, 0.0, 0.0, 0.0, 0.0, 0.0, 0.0, 0.0, 0.0, 0.0, 0.1, 60.1, 0.1, 0.0, 33.0, -19.0, 1783.0, 0.05]
22:55:42.169 : Generated Params : [60.0, 1030.0, 0.0, 0.0, 1.0, 54.0, 0.0, 0.0, 0.0, 0.0, 0.0, 0.0, 0.0, 0.0, 0.0, 0.0, 0.0, 0.1, 10.1, 0.1, 0.0, 5.0, -50.0, 857.0, 0.05]
22:55:47.189 : Generated Params : [80.0, 6800.0, 0.0, 0.0, 1.0, 41.0, 0.0, 0.0, 0.0, 0.0, 0.0, 0.0, 0.0, 0.0, 0.0, 0.0, 0.0, 0.1, 16.1, 0.1, 0.0, 88.0, 54.0, 4385.0, 0.05]
22:55:51.184 : Generated Params : [170.0, 280.0, 0.0, 0.0, 1.0, -50.0, 0.0, 0.0, 0.0, 0.0, 0.0, 0.0, 0.0, 0.0, 0.0, 0.0, 0.0, 0.1, 31.1, 0.1, 0.0, 59.0, -63.0, 651.0, 0.05]
22:55:55.199 : Generated Params : [190.0, 5800.0, 0.0, 0.0, 1.0, -96.0, 0.0, 0.0, 0.0, 0.0, 0.0, 0.0, 0.0, 0.0, 0.0, 0.0, 0.0, 0.1, 83.1, 0.1, 0.0, 63.0, -65.0, 2528.0, 0.05]
22:55:59.308 : Generated Params : [50.0, 1540.0, 0.0, 0.0, 1.0, -25.0, 0.0, 0.0, 0.0, 0.0, 0.0, 0.0, 0.0, 0.0, 0.0, 0.0, 0.0, 0.1, 8.1, 0.1, 0.0, 11.0, -29.0, 5448.0, 0.05]
22:56:03.639 : Generated Params : [70.0, 5070.0, 0.0, 0.0, 1.0, -18.0, 0.0, 0.0, 0.0, 0.0, 0.0, 0.0, 0.0, 0.0, 0.0, 0.0, 0.0, 0.1, 63.1, 0.1, 0.0, 11.0, -82.0, 1578.0, 0.05]
22:56:08.083 : Generated Params : [140.0, 2240.0, 0.0, 0.0, 1.0, -18.0, 0.0, 0.0, 0.0, 0.0, 0.0, 0.0, 0.0, 0.0, 0.0, 0.0, 0.0, 0.1, 20.1, 0.1, 0.0, 68.0, -68.0, 9270.0, 0.05]
22:56:12.968 : Generated Params : [110.0, 6530.0, 0.0, 0.0, 1.0, -19.0, 0.0, 0.0, 0.0, 0.0, 0.0, 0.0, 0.0, 0.0, 0.0, 0.0, 0.0, 0.1, 45.1, 0.1, 0.0, 21.0, 91.0, 1774.0, 0.05]
22:56:17.918 : Generated Params : [70.0, 1650.0, 0.0, 0.0, 1.0, 14.0, 0.0, 0.0, 0.0, 0.0, 0.0, 0.0, 0.0, 0.0, 0.0, 0.0, 0.0, 0.1, 16.1, 0.1, 0.0, 17.0, 52.0, 1762.0, 0.05]
22:56:22.691 : Generated Params : [90.0, 750.0, 0.0, 0.0, 1.0, -96.0, 0.0, 0.0, 0.0, 0.0, 0.0, 0.0, 0.0, 0.0, 0.0, 0.0, 0.0, 0.1, 8.1, 0.1, 0.0, 15.0, 6.0, 1930.0, 0.05]
22:56:27.076 : Generated Params : [160.0, 3600.0, 0.0, 0.0, 1.0, -94.0, 0.0, 0.0, 0.0, 0.0, 0.0, 0.0, 0.0, 0.0, 0.0, 0.0, 0.0, 0.1, 56.1, 0.1, 0.0, 14.0, -43.0, 1064.0, 0.05]
22:56:30.920 : Generated Params : [50.0, 2100.0, 0.0, 0.0, 1.0, -79.0, 0.0, 0.0, 0.0, 0.0, 0.0, 0.0, 0.0, 0.0, 0.0, 0.0, 0.0, 0.1, 73.1, 0.1, 0.0, 23.0, -13.0, 2519.0, 0.05]
22:56:35.777 : Generated Params : [110.0, 340.0, 0.0, 0.0, 1.0, 45.0, 0.0, 0.0, 0.0, 0.0, 0.0, 0.0, 0.0, 0.0, 0.0, 0.0, 0.0, 0.1, 8.1, 0.1, 0.0, 97.0, -35.0, 7901.0, 0.05]
22:56:40.056 : Generated Params : [170.0, 2070.0, 0.0, 0.0, 1.0, -66.0, 0.0, 0.0, 0.0, 0.0, 0.0, 0.0, 0.0, 0.0, 0.0, 0.0, 0.0, 0.1, 23.1, 0.1, 0.0, 50.0, 25.0, 3013.0, 0.05]
22:56:49.873 : ------------------------------------------------------------
22:56:49.873 : Loop #20
22:58:25.286 : Generated Params : [110.0, 3470.0, 0.0, 0.0, 1.0, -37.0, 0.0, 0.0, 0.0, 0.0, 0.0, 0.0, 0.0, 0.0, 0.0, 0.0, 0.0, 0.1, 80.1, 0.1, 0.0, 30.0, -92.0, 3310.0, 0.05]
22:58:29.157 : Generated Params : [100.0, 1720.0, 0.0, 0.0, 1.0, -88.0, 0.0, 0.0, 0.0, 0.0, 0.0, 0.0, 0.0, 0.0, 0.0, 0.0, 0.0, 0.1, 47.1, 0.1, 0.0, 43.0, -89.0, 572.0, 0.05]
22:58:33.178 : Generated Params : [140.0, 6530.0, 0.0, 0.0, 1.0, -92.0, 0.0, 0.0, 0.0, 0.0, 0.0, 0.0, 0.0, 0.0, 0.0, 0.0, 0.0, 0.1, 4.1, 0.1, 0.0, 29.0, -76.0, 6765.0, 0.05]
22:58:38.070 : Generated Params : [90.0, 6870.0, 0.0, 0.0, 1.0, -71.0, 0.0, 0.0, 0.0, 0.0, 0.0, 0.0, 0.0, 0.0, 0.0, 0.0, 0.0, 0.1, 23.1, 0.1, 0.0, 63.0, -6.0, 1642.0, 0.05]
22:58:41.896 : Generated Params : [130.0, 2060.0, 0.0, 0.0, 1.0, -81.0, 0.0, 0.0, 0.0, 0.0, 0.0, 0.0, 0.0, 0.0, 0.0, 0.0, 0.0, 0.1, 1.1, 0.1, 0.0, 15.0, 68.0, 6105.0, 0.05]
22:58:46.168 : Generated Params : [50.0, 3800.0, 0.0, 0.0, 1.0, 54.0, 0.0, 0.0, 0.0, 0.0, 0.0, 0.0, 0.0, 0.0, 0.0, 0.0, 0.0, 0.1, 29.1, 0.1, 0.0, 14.0, 59.0, 8750.0, 0.05]
22:58:50.018 : Generated Params : [110.0, 4860.0, 0.0, 0.0, 1.0, -84.0, 0.0, 0.0, 0.0, 0.0, 0.0, 0.0, 0.0, 0.0, 0.0, 0.0, 0.0, 0.1, 90.1, 0.1, 0.0, 44.0, -50.0, 4360.0, 0.05]
22:58:53.912 : Generated Params : [70.0, 3980.0, 0.0, 0.0, 1.0, 25.0, 0.0, 0.0, 0.0, 0.0, 0.0, 0.0, 0.0, 0.0, 0.0, 0.0, 0.0, 0.1, 60.1, 0.1, 0.0, 14.0, 54.0, 484.0, 0.05]
22:58:58.206 : Generated Params : [180.0, 990.0, 0.0, 0.0, 1.0, 23.0, 0.0, 0.0, 0.0, 0.0, 0.0, 0.0, 0.0, 0.0, 0.0, 0.0, 0.0, 0.1, 23.1, 0.1, 0.0, 47.0, -53.0, 32.0, 0.05]
22:59:01.983 : Generated Params : [50.0, 3090.0, 0.0, 0.0, 1.0, -68.0, 0.0, 0.0, 0.0, 0.0, 0.0, 0.0, 0.0, 0.0, 0.0, 0.0, 0.0, 0.1, 13.1, 0.1, 0.0, 5.0, -31.0, 6792.0, 0.05]
22:59:06.325 : Generated Params : [90.0, 930.0, 0.0, 0.0, 1.0, -81.0, 0.0, 0.0, 0.0, 0.0, 0.0, 0.0, 0.0, 0.0, 0.0, 0.0, 0.0, 0.1, 35.1, 0.1, 0.0, 35.0, -44.0, 2548.0, 0.05]
22:59:10.139 : Generated Params : [50.0, 1950.0, 0.0, 0.0, 1.0, -65.0, 0.0, 0.0, 0.0, 0.0, 0.0, 0.0, 0.0, 0.0, 0.0, 0.0, 0.0, 0.1, 42.1, 0.1, 0.0, 49.0, -43.0, 1367.0, 0.05]
22:59:13.976 : Generated Params : [200.0, 930.0, 0.0, 0.0, 1.0, -49.0, 0.0, 0.0, 0.0, 0.0, 0.0, 0.0, 0.0, 0.0, 0.0, 0.0, 0.0, 0.1, 32.1, 0.1, 0.0, 23.0, 38.0, 240.0, 0.05]
22:59:18.281 : Generated Params : [160.0, 8440.0, 0.0, 0.0, 1.0, 4.0, 0.0, 0.0, 0.0, 0.0, 0.0, 0.0, 0.0, 0.0, 0.0, 0.0, 0.0, 0.1, 67.1, 0.1, 0.0, 63.0, 3.0, 24.0, 0.05]
22:59:22.070 : Generated Params : [80.0, 5050.0, 0.0, 0.0, 1.0, -43.0, 0.0, 0.0, 0.0, 0.0, 0.0, 0.0, 0.0, 0.0, 0.0, 0.0, 0.0, 0.1, 50.1, 0.1, 0.0, 24.0, 47.0, 3362.0, 0.05]
22:59:26.232 : Generated Params : [70.0, 6010.0, 0.0, 0.0, 1.0, 14.0, 0.0, 0.0, 0.0, 0.0, 0.0, 0.0, 0.0, 0.0, 0.0, 0.0, 0.0, 0.1, 30.1, 0.1, 0.0, 30.0, 13.0, 2110.0, 0.05]
22:59:30.080 : Generated Params : [50.0, 730.0, 0.0, 0.0, 1.0, -41.0, 0.0, 0.0, 0.0, 0.0, 0.0, 0.0, 0.0, 0.0, 0.0, 0.0, 0.0, 0.1, 61.1, 0.1, 0.0, 32.0, 8.0, 4096.0, 0.05]
22:59:33.919 : Generated Params : [140.0, 3550.0, 0.0, 0.0, 1.0, -62.0, 0.0, 0.0, 0.0, 0.0, 0.0, 0.0, 0.0, 0.0, 0.0, 0.0, 0.0, 0.1, 60.1, 0.1, 0.0, 44.0, 20.0, 1891.0, 0.05]
22:59:38.307 : Generated Params : [80.0, 4430.0, 0.0, 0.0, 1.0, 5.0, 0.0, 0.0, 0.0, 0.0, 0.0, 0.0, 0.0, 0.0, 0.0, 0.0, 0.0, 0.1, 72.1, 0.1, 0.0, 8.0, -17.0, 4967.0, 0.05]
22:59:42.132 : Generated Params : [50.0, 150.0, 0.0, 0.0, 1.0, 20.0, 0.0, 0.0, 0.0, 0.0, 0.0, 0.0, 0.0, 0.0, 0.0, 0.0, 0.0, 0.1, 13.1, 0.1, 0.0, 78.0, 0.0, 5199.0, 0.05]
22:59:46.005 : Generated Params : [80.0, 710.0, 0.0, 0.0, 1.0, -18.0, 0.0, 0.0, 0.0, 0.0, 0.0, 0.0, 0.0, 0.0, 0.0, 0.0, 0.0, 0.1, 23.1, 0.1, 0.0, 15.0, -84.0, 3647.0, 0.05]
22:59:49.931 : Generated Params : [70.0, 5170.0, 0.0, 0.0, 1.0, -48.0, 0.0, 0.0, 0.0, 0.0, 0.0, 0.0, 0.0, 0.0, 0.0, 0.0, 0.0, 0.1, 52.1, 0.1, 0.0, 63.0, 17.0, 3945.0, 0.05]
22:59:54.237 : Generated Params : [70.0, 1600.0, 0.0, 0.0, 1.0, 67.0, 0.0, 0.0, 0.0, 0.0, 0.0, 0.0, 0.0, 0.0, 0.0, 0.0, 0.0, 0.1, 71.1, 0.1, 0.0, 8.0, -41.0, 8338.0, 0.05]
22:59:58.102 : Generated Params : [120.0, 2970.0, 0.0, 0.0, 1.0, -68.0, 0.0, 0.0, 0.0, 0.0, 0.0, 0.0, 0.0, 0.0, 0.0, 0.0, 0.0, 0.1, 76.1, 0.1, 0.0, 6.0, 66.0, 6758.0, 0.05]
23:00:04.176 : ------------------------------------------------------------
23:00:04.176 : Loop #21
23:01:39.311 : Generated Params : [70.0, 6800.0, 0.0, 0.0, 1.0, 28.0, 0.0, 0.0, 0.0, 0.0, 0.0, 0.0, 0.0, 0.0, 0.0, 0.0, 0.0, 0.1, 30.1, 0.1, 0.0, 98.0, -50.0, 8033.0, 0.05]
23:01:43.271 : Generated Params : [180.0, 3820.0, 0.0, 0.0, 1.0, -88.0, 0.0, 0.0, 0.0, 0.0, 0.0, 0.0, 0.0, 0.0, 0.0, 0.0, 0.0, 0.1, 41.1, 0.1, 0.0, 17.0, 88.0, 1606.0, 0.05]
23:01:47.211 : Generated Params : [50.0, 2920.0, 0.0, 0.0, 1.0, -81.0, 0.0, 0.0, 0.0, 0.0, 0.0, 0.0, 0.0, 0.0, 0.0, 0.0, 0.0, 0.1, 71.1, 0.1, 0.0, 74.0, 46.0, 4326.0, 0.05]
23:01:51.201 : Generated Params : [80.0, 8000.0, 0.0, 0.0, 1.0, -33.0, 0.0, 0.0, 0.0, 0.0, 0.0, 0.0, 0.0, 0.0, 0.0, 0.0, 0.0, 0.1, 62.1, 0.1, 0.0, 17.0, 86.0, 2866.0, 0.05]
23:01:55.242 : Generated Params : [150.0, 1310.0, 0.0, 0.0, 1.0, -12.0, 0.0, 0.0, 0.0, 0.0, 0.0, 0.0, 0.0, 0.0, 0.0, 0.0, 0.0, 0.1, 7.1, 0.1, 0.0, 65.0, 30.0, 2505.0, 0.05]
23:01:59.200 : Generated Params : [70.0, 6070.0, 0.0, 0.0, 1.0, 0.0, 0.0, 0.0, 0.0, 0.0, 0.0, 0.0, 0.0, 0.0, 0.0, 0.0, 0.0, 0.1, 23.1, 0.1, 0.0, 80.0, -63.0, 426.0, 0.05]
23:02:03.160 : Generated Params : [90.0, 4450.0, 0.0, 0.0, 1.0, 49.0, 0.0, 0.0, 0.0, 0.0, 0.0, 0.0, 0.0, 0.0, 0.0, 0.0, 0.0, 0.1, 31.1, 0.1, 0.0, 85.0, -37.0, 9671.0, 0.05]
23:02:07.108 : Generated Params : [80.0, 3520.0, 0.0, 0.0, 1.0, 13.0, 0.0, 0.0, 0.0, 0.0, 0.0, 0.0, 0.0, 0.0, 0.0, 0.0, 0.0, 0.1, 18.1, 0.1, 0.0, 5.0, -49.0, 402.0, 0.05]
23:02:11.145 : Generated Params : [90.0, 3630.0, 0.0, 0.0, 1.0, -81.0, 0.0, 0.0, 0.0, 0.0, 0.0, 0.0, 0.0, 0.0, 0.0, 0.0, 0.0, 0.1, 45.1, 0.1, 0.0, 9.0, -43.0, 3728.0, 0.05]
23:02:15.098 : Generated Params : [110.0, 900.0, 0.0, 0.0, 1.0, -84.0, 0.0, 0.0, 0.0, 0.0, 0.0, 0.0, 0.0, 0.0, 0.0, 0.0, 0.0, 0.1, 16.1, 0.1, 0.0, 15.0, -43.0, 4484.0, 0.05]
23:02:19.087 : Generated Params : [80.0, 3220.0, 0.0, 0.0, 1.0, 43.0, 0.0, 0.0, 0.0, 0.0, 0.0, 0.0, 0.0, 0.0, 0.0, 0.0, 0.0, 0.1, 35.1, 0.1, 0.0, 64.0, -97.0, 1360.0, 0.05]
23:02:23.808 : Generated Params : [100.0, 3380.0, 0.0, 0.0, 1.0, -71.0, 0.0, 0.0, 0.0, 0.0, 0.0, 0.0, 0.0, 0.0, 0.0, 0.0, 0.0, 0.1, 30.1, 0.1, 0.0, 73.0, -7.0, 5940.0, 0.05]
23:02:28.548 : Generated Params : [180.0, 1450.0, 0.0, 0.0, 1.0, -2.0, 0.0, 0.0, 0.0, 0.0, 0.0, 0.0, 0.0, 0.0, 0.0, 0.0, 0.0, 0.1, 74.1, 0.1, 0.0, 41.0, -33.0, 9600.0, 0.05]
23:02:33.202 : Generated Params : [120.0, 180.0, 0.0, 0.0, 1.0, 35.0, 0.0, 0.0, 0.0, 0.0, 0.0, 0.0, 0.0, 0.0, 0.0, 0.0, 0.0, 0.1, 26.1, 0.1, 0.0, 57.0, 47.0, 2735.0, 0.05]
23:02:38.251 : Generated Params : [110.0, 800.0, 0.0, 0.0, 1.0, 79.0, 0.0, 0.0, 0.0, 0.0, 0.0, 0.0, 0.0, 0.0, 0.0, 0.0, 0.0, 0.1, 93.1, 0.1, 0.0, 14.0, 38.0, 866.0, 0.05]
23:02:42.186 : Generated Params : [80.0, 4120.0, 0.0, 0.0, 1.0, -75.0, 0.0, 0.0, 0.0, 0.0, 0.0, 0.0, 0.0, 0.0, 0.0, 0.0, 0.0, 0.1, 58.1, 0.1, 0.0, 29.0, 92.0, 3175.0, 0.05]
23:02:46.649 : Generated Params : [100.0, 4590.0, 0.0, 0.0, 1.0, -76.0, 0.0, 0.0, 0.0, 0.0, 0.0, 0.0, 0.0, 0.0, 0.0, 0.0, 0.0, 0.1, 58.1, 0.1, 0.0, 100.0, 4.0, 1989.0, 0.05]
23:02:51.138 : Generated Params : [100.0, 4670.0, 0.0, 0.0, 1.0, -62.0, 0.0, 0.0, 0.0, 0.0, 0.0, 0.0, 0.0, 0.0, 0.0, 0.0, 0.0, 0.1, 31.1, 0.1, 0.0, 3.0, -71.0, 742.0, 0.05]
23:02:56.247 : Generated Params : [120.0, 1500.0, 0.0, 0.0, 1.0, -6.0, 0.0, 0.0, 0.0, 0.0, 0.0, 0.0, 0.0, 0.0, 0.0, 0.0, 0.0, 0.1, 72.1, 0.1, 0.0, 15.0, -62.0, 1801.0, 0.05]
23:03:00.333 : Generated Params : [50.0, 1950.0, 0.0, 0.0, 1.0, 46.0, 0.0, 0.0, 0.0, 0.0, 0.0, 0.0, 0.0, 0.0, 0.0, 0.0, 0.0, 0.1, 18.1, 0.1, 0.0, 26.0, 20.0, 3466.0, 0.05]
23:03:04.603 : Generated Params : [80.0, 7750.0, 0.0, 0.0, 1.0, -49.0, 0.0, 0.0, 0.0, 0.0, 0.0, 0.0, 0.0, 0.0, 0.0, 0.0, 0.0, 0.1, 59.1, 0.1, 0.0, 50.0, -11.0, 4822.0, 0.05]
23:03:09.165 : Generated Params : [60.0, 4240.0, 0.0, 0.0, 1.0, -37.0, 0.0, 0.0, 0.0, 0.0, 0.0, 0.0, 0.0, 0.0, 0.0, 0.0, 0.0, 0.1, 68.1, 0.1, 0.0, 24.0, -11.0, 6650.0, 0.05]
23:03:19.069 : ------------------------------------------------------------
23:03:19.069 : Loop #22
23:04:54.206 : Generated Params : [170.0, 2710.0, 0.0, 0.0, 1.0, -87.0, 0.0, 0.0, 0.0, 0.0, 0.0, 0.0, 0.0, 0.0, 0.0, 0.0, 0.0, 0.1, 59.1, 0.1, 0.0, 46.0, -6.0, 3780.0, 0.05]
23:04:58.194 : Generated Params : [190.0, 1950.0, 0.0, 0.0, 1.0, 61.0, 0.0, 0.0, 0.0, 0.0, 0.0, 0.0, 0.0, 0.0, 0.0, 0.0, 0.0, 0.1, 54.1, 0.1, 0.0, 32.0, 38.0, 1077.0, 0.05]
23:05:02.107 : Generated Params : [100.0, 1760.0, 0.0, 0.0, 1.0, -20.0, 0.0, 0.0, 0.0, 0.0, 0.0, 0.0, 0.0, 0.0, 0.0, 0.0, 0.0, 0.1, 54.1, 0.1, 0.0, 11.0, -89.0, 3060.0, 0.05]
23:05:06.586 : Generated Params : [130.0, 1270.0, 0.0, 0.0, 1.0, -92.0, 0.0, 0.0, 0.0, 0.0, 0.0, 0.0, 0.0, 0.0, 0.0, 0.0, 0.0, 0.1, 86.1, 0.1, 0.0, 50.0, 77.0, 2674.0, 0.05]
23:05:10.510 : Generated Params : [50.0, 2700.0, 0.0, 0.0, 1.0, -30.0, 0.0, 0.0, 0.0, 0.0, 0.0, 0.0, 0.0, 0.0, 0.0, 0.0, 0.0, 0.1, 13.1, 0.1, 0.0, 74.0, -38.0, 7469.0, 0.05]
23:05:14.488 : Generated Params : [120.0, 9830.0, 0.0, 0.0, 1.0, 12.0, 0.0, 0.0, 0.0, 0.0, 0.0, 0.0, 0.0, 0.0, 0.0, 0.0, 0.0, 0.1, 41.1, 0.1, 0.0, 29.0, 0.0, 3552.0, 0.05]
23:05:18.429 : Generated Params : [70.0, 780.0, 0.0, 0.0, 1.0, -78.0, 0.0, 0.0, 0.0, 0.0, 0.0, 0.0, 0.0, 0.0, 0.0, 0.0, 0.0, 0.1, 20.1, 0.1, 0.0, 51.0, 31.0, 7635.0, 0.05]
23:05:22.400 : Generated Params : [180.0, 1900.0, 0.0, 0.0, 1.0, -79.0, 0.0, 0.0, 0.0, 0.0, 0.0, 0.0, 0.0, 0.0, 0.0, 0.0, 0.0, 0.1, 21.1, 0.1, 0.0, 8.0, 79.0, 39.0, 0.05]
23:05:26.359 : Generated Params : [50.0, 1690.0, 0.0, 0.0, 1.0, -84.0, 0.0, 0.0, 0.0, 0.0, 0.0, 0.0, 0.0, 0.0, 0.0, 0.0, 0.0, 0.1, 82.1, 0.1, 0.0, 18.0, 1.0, 1120.0, 0.05]
23:05:30.350 : Generated Params : [90.0, 4970.0, 0.0, 0.0, 1.0, -61.0, 0.0, 0.0, 0.0, 0.0, 0.0, 0.0, 0.0, 0.0, 0.0, 0.0, 0.0, 0.1, 62.1, 0.1, 0.0, 32.0, 38.0, 127.0, 0.05]
23:05:34.392 : Generated Params : [140.0, 3060.0, 0.0, 0.0, 1.0, -7.0, 0.0, 0.0, 0.0, 0.0, 0.0, 0.0, 0.0, 0.0, 0.0, 0.0, 0.0, 0.1, 10.1, 0.1, 0.0, 94.0, -31.0, 9154.0, 0.05]
23:05:38.662 : Generated Params : [60.0, 5130.0, 0.0, 0.0, 1.0, 46.0, 0.0, 0.0, 0.0, 0.0, 0.0, 0.0, 0.0, 0.0, 0.0, 0.0, 0.0, 0.1, 52.1, 0.1, 0.0, 5.0, -71.0, 1623.0, 0.05]
23:05:42.703 : Generated Params : [110.0, 1340.0, 0.0, 0.0, 1.0, -43.0, 0.0, 0.0, 0.0, 0.0, 0.0, 0.0, 0.0, 0.0, 0.0, 0.0, 0.0, 0.1, 80.1, 0.1, 0.0, 11.0, 49.0, 2738.0, 0.05]
23:05:46.653 : Generated Params : [70.0, 4340.0, 0.0, 0.0, 1.0, -82.0, 0.0, 0.0, 0.0, 0.0, 0.0, 0.0, 0.0, 0.0, 0.0, 0.0, 0.0, 0.1, 82.1, 0.1, 0.0, 63.0, 50.0, 8042.0, 0.05]
23:05:50.690 : Generated Params : [70.0, 5950.0, 0.0, 0.0, 1.0, -71.0, 0.0, 0.0, 0.0, 0.0, 0.0, 0.0, 0.0, 0.0, 0.0, 0.0, 0.0, 0.1, 21.1, 0.1, 0.0, 37.0, 35.0, 2742.0, 0.05]
23:05:54.667 : Generated Params : [70.0, 7570.0, 0.0, 0.0, 1.0, 11.0, 0.0, 0.0, 0.0, 0.0, 0.0, 0.0, 0.0, 0.0, 0.0, 0.0, 0.0, 0.1, 40.1, 0.1, 0.0, 8.0, -56.0, 1353.0, 0.05]
23:05:58.602 : Generated Params : [160.0, 2750.0, 0.0, 0.0, 1.0, -11.0, 0.0, 0.0, 0.0, 0.0, 0.0, 0.0, 0.0, 0.0, 0.0, 0.0, 0.0, 0.1, 54.1, 0.1, 0.0, 30.0, 50.0, 1547.0, 0.05]
23:06:02.560 : Generated Params : [50.0, 3630.0, 0.0, 0.0, 1.0, -61.0, 0.0, 0.0, 0.0, 0.0, 0.0, 0.0, 0.0, 0.0, 0.0, 0.0, 0.0, 0.1, 34.1, 0.1, 0.0, 55.0, -56.0, 967.0, 0.05]
23:06:06.499 : Generated Params : [80.0, 5960.0, 0.0, 0.0, 1.0, -75.0, 0.0, 0.0, 0.0, 0.0, 0.0, 0.0, 0.0, 0.0, 0.0, 0.0, 0.0, 0.1, 92.1, 0.1, 0.0, 11.0, 4.0, 1477.0, 0.05]
23:06:10.492 : Generated Params : [90.0, 660.0, 0.0, 0.0, 1.0, -75.0, 0.0, 0.0, 0.0, 0.0, 0.0, 0.0, 0.0, 0.0, 0.0, 0.0, 0.0, 0.1, 63.1, 0.1, 0.0, 63.0, -79.0, 2223.0, 0.05]
23:06:14.446 : Generated Params : [90.0, 1550.0, 0.0, 0.0, 1.0, -16.0, 0.0, 0.0, 0.0, 0.0, 0.0, 0.0, 0.0, 0.0, 0.0, 0.0, 0.0, 0.1, 67.1, 0.1, 0.0, 14.0, 75.0, 2940.0, 0.05]
23:06:18.434 : Generated Params : [110.0, 5520.0, 0.0, 0.0, 1.0, -78.0, 0.0, 0.0, 0.0, 0.0, 0.0, 0.0, 0.0, 0.0, 0.0, 0.0, 0.0, 0.1, 4.1, 0.1, 0.0, 47.0, -90.0, 1517.0, 0.05]
23:06:22.453 : Generated Params : [60.0, 1270.0, 0.0, 0.0, 1.0, -94.0, 0.0, 0.0, 0.0, 0.0, 0.0, 0.0, 0.0, 0.0, 0.0, 0.0, 0.0, 0.1, 39.1, 0.1, 0.0, 32.0, -87.0, 9374.0, 0.05]
23:06:29.626 : ------------------------------------------------------------
23:06:29.626 : Loop #23
23:08:05.370 : Generated Params : [80.0, 1420.0, 0.0, 0.0, 1.0, -71.0, 0.0, 0.0, 0.0, 0.0, 0.0, 0.0, 0.0, 0.0, 0.0, 0.0, 0.0, 0.1, 67.1, 0.1, 0.0, 17.0, -65.0, 689.0, 0.05]
23:08:09.351 : Generated Params : [100.0, 4070.0, 0.0, 0.0, 1.0, 59.0, 0.0, 0.0, 0.0, 0.0, 0.0, 0.0, 0.0, 0.0, 0.0, 0.0, 0.0, 0.1, 56.1, 0.1, 0.0, 52.0, -25.0, 3606.0, 0.05]
23:08:13.312 : Generated Params : [140.0, 670.0, 0.0, 0.0, 1.0, -18.0, 0.0, 0.0, 0.0, 0.0, 0.0, 0.0, 0.0, 0.0, 0.0, 0.0, 0.0, 0.1, 36.1, 0.1, 0.0, 5.0, 89.0, 2095.0, 0.05]
23:08:17.338 : Generated Params : [70.0, 8120.0, 0.0, 0.0, 1.0, -36.0, 0.0, 0.0, 0.0, 0.0, 0.0, 0.0, 0.0, 0.0, 0.0, 0.0, 0.0, 0.1, 66.1, 0.1, 0.0, 24.0, -50.0, 7678.0, 0.05]
23:08:21.842 : Generated Params : [200.0, 2420.0, 0.0, 0.0, 1.0, -27.0, 0.0, 0.0, 0.0, 0.0, 0.0, 0.0, 0.0, 0.0, 0.0, 0.0, 0.0, 0.1, 89.1, 0.1, 0.0, 49.0, 67.0, 87.0, 0.05]
23:08:26.254 : Generated Params : [140.0, 270.0, 0.0, 0.0, 1.0, -82.0, 0.0, 0.0, 0.0, 0.0, 0.0, 0.0, 0.0, 0.0, 0.0, 0.0, 0.0, 0.1, 81.1, 0.1, 0.0, 92.0, -65.0, 3173.0, 0.05]
23:08:30.150 : Generated Params : [60.0, 5710.0, 0.0, 0.0, 1.0, -89.0, 0.0, 0.0, 0.0, 0.0, 0.0, 0.0, 0.0, 0.0, 0.0, 0.0, 0.0, 0.1, 5.1, 0.1, 0.0, 92.0, 40.0, 1440.0, 0.05]
23:08:34.109 : Generated Params : [190.0, 5100.0, 0.0, 0.0, 1.0, -48.0, 0.0, 0.0, 0.0, 0.0, 0.0, 0.0, 0.0, 0.0, 0.0, 0.0, 0.0, 0.1, 4.1, 0.1, 0.0, 41.0, 16.0, 371.0, 0.05]
23:08:38.031 : Generated Params : [140.0, 820.0, 0.0, 0.0, 1.0, -48.0, 0.0, 0.0, 0.0, 0.0, 0.0, 0.0, 0.0, 0.0, 0.0, 0.0, 0.0, 0.1, 45.1, 0.1, 0.0, 73.0, 62.0, 161.0, 0.05]
23:08:41.956 : Generated Params : [110.0, 4950.0, 0.0, 0.0, 1.0, -32.0, 0.0, 0.0, 0.0, 0.0, 0.0, 0.0, 0.0, 0.0, 0.0, 0.0, 0.0, 0.1, 45.1, 0.1, 0.0, 2.0, -89.0, 7165.0, 0.05]
23:08:46.349 : Generated Params : [50.0, 1470.0, 0.0, 0.0, 1.0, 1.0, 0.0, 0.0, 0.0, 0.0, 0.0, 0.0, 0.0, 0.0, 0.0, 0.0, 0.0, 0.1, 29.1, 0.1, 0.0, 57.0, -74.0, 735.0, 0.05]
23:08:50.353 : Generated Params : [90.0, 4370.0, 0.0, 0.0, 1.0, -37.0, 0.0, 0.0, 0.0, 0.0, 0.0, 0.0, 0.0, 0.0, 0.0, 0.0, 0.0, 0.1, 86.1, 0.1, 0.0, 11.0, -68.0, 2965.0, 0.05]
23:08:54.253 : Generated Params : [110.0, 2730.0, 0.0, 0.0, 1.0, -89.0, 0.0, 0.0, 0.0, 0.0, 0.0, 0.0, 0.0, 0.0, 0.0, 0.0, 0.0, 0.1, 4.1, 0.1, 0.0, 37.0, -81.0, 3944.0, 0.05]
23:08:58.199 : Generated Params : [140.0, 6840.0, 0.0, 0.0, 1.0, -92.0, 0.0, 0.0, 0.0, 0.0, 0.0, 0.0, 0.0, 0.0, 0.0, 0.0, 0.0, 0.1, 30.1, 0.1, 0.0, 73.0, -71.0, 1103.0, 0.05]
23:09:02.195 : Generated Params : [60.0, 4590.0, 0.0, 0.0, 1.0, -66.0, 0.0, 0.0, 0.0, 0.0, 0.0, 0.0, 0.0, 0.0, 0.0, 0.0, 0.0, 0.1, 36.1, 0.1, 0.0, 24.0, -37.0, 4664.0, 0.05]
23:09:06.113 : Generated Params : [160.0, 4040.0, 0.0, 0.0, 1.0, -98.0, 0.0, 0.0, 0.0, 0.0, 0.0, 0.0, 0.0, 0.0, 0.0, 0.0, 0.0, 0.1, 98.1, 0.1, 0.0, 33.0, -79.0, 4493.0, 0.05]
23:09:10.031 : Generated Params : [90.0, 3250.0, 0.0, 0.0, 1.0, 83.0, 0.0, 0.0, 0.0, 0.0, 0.0, 0.0, 0.0, 0.0, 0.0, 0.0, 0.0, 0.1, 36.1, 0.1, 0.0, 29.0, -78.0, 721.0, 0.05]
23:09:13.965 : Generated Params : [80.0, 440.0, 0.0, 0.0, 1.0, -20.0, 0.0, 0.0, 0.0, 0.0, 0.0, 0.0, 0.0, 0.0, 0.0, 0.0, 0.0, 0.1, 34.1, 0.1, 0.0, 30.0, -47.0, 843.0, 0.05]
23:09:18.247 : Generated Params : [160.0, 2460.0, 0.0, 0.0, 1.0, -88.0, 0.0, 0.0, 0.0, 0.0, 0.0, 0.0, 0.0, 0.0, 0.0, 0.0, 0.0, 0.1, 30.1, 0.1, 0.0, 11.0, -12.0, 3263.0, 0.05]
23:09:22.154 : Generated Params : [130.0, 3770.0, 0.0, 0.0, 1.0, -50.0, 0.0, 0.0, 0.0, 0.0, 0.0, 0.0, 0.0, 0.0, 0.0, 0.0, 0.0, 0.1, 70.1, 0.1, 0.0, 44.0, -4.0, 1249.0, 0.05]
23:09:26.104 : Generated Params : [190.0, 4400.0, 0.0, 0.0, 1.0, 24.0, 0.0, 0.0, 0.0, 0.0, 0.0, 0.0, 0.0, 0.0, 0.0, 0.0, 0.0, 0.1, 36.1, 0.1, 0.0, 14.0, -92.0, 6673.0, 0.05]
23:09:33.049 : ------------------------------------------------------------
23:09:33.049 : Loop #24
23:11:08.048 : Generated Params : [120.0, 2400.0, 0.0, 0.0, 1.0, -79.0, 0.0, 0.0, 0.0, 0.0, 0.0, 0.0, 0.0, 0.0, 0.0, 0.0, 0.0, 0.1, 20.1, 0.1, 0.0, 9.0, 87.0, 1173.0, 0.05]
23:11:12.021 : Generated Params : [120.0, 4860.0, 0.0, 0.0, 1.0, -12.0, 0.0, 0.0, 0.0, 0.0, 0.0, 0.0, 0.0, 0.0, 0.0, 0.0, 0.0, 0.1, 50.1, 0.1, 0.0, 68.0, -69.0, 83.0, 0.05]
23:11:16.005 : Generated Params : [180.0, 670.0, 0.0, 0.0, 1.0, -71.0, 0.0, 0.0, 0.0, 0.0, 0.0, 0.0, 0.0, 0.0, 0.0, 0.0, 0.0, 0.1, 93.1, 0.1, 0.0, 14.0, -29.0, 576.0, 0.05]
23:11:20.131 : Generated Params : [200.0, 230.0, 0.0, 0.0, 1.0, -90.0, 0.0, 0.0, 0.0, 0.0, 0.0, 0.0, 0.0, 0.0, 0.0, 0.0, 0.0, 0.1, 32.1, 0.1, 0.0, 32.0, 20.0, 4563.0, 0.05]
23:11:24.274 : Generated Params : [50.0, 1310.0, 0.0, 0.0, 1.0, -6.0, 0.0, 0.0, 0.0, 0.0, 0.0, 0.0, 0.0, 0.0, 0.0, 0.0, 0.0, 0.1, 71.1, 0.1, 0.0, 21.0, -8.0, 3211.0, 0.05]
23:11:28.178 : Generated Params : [50.0, 710.0, 0.0, 0.0, 1.0, -76.0, 0.0, 0.0, 0.0, 0.0, 0.0, 0.0, 0.0, 0.0, 0.0, 0.0, 0.0, 0.1, 77.1, 0.1, 0.0, 23.0, 41.0, 3232.0, 0.05]
23:11:32.134 : Generated Params : [200.0, 3690.0, 0.0, 0.0, 1.0, 4.0, 0.0, 0.0, 0.0, 0.0, 0.0, 0.0, 0.0, 0.0, 0.0, 0.0, 0.0, 0.1, 44.1, 0.1, 0.0, 67.0, -79.0, 4851.0, 0.05]
23:11:36.156 : Generated Params : [90.0, 2650.0, 0.0, 0.0, 1.0, -76.0, 0.0, 0.0, 0.0, 0.0, 0.0, 0.0, 0.0, 0.0, 0.0, 0.0, 0.0, 0.1, 87.1, 0.1, 0.0, 2.0, -63.0, 2839.0, 0.05]
23:11:40.127 : Generated Params : [200.0, 3190.0, 0.0, 0.0, 1.0, -85.0, 0.0, 0.0, 0.0, 0.0, 0.0, 0.0, 0.0, 0.0, 0.0, 0.0, 0.0, 0.1, 96.1, 0.1, 0.0, 8.0, -76.0, 3883.0, 0.05]
23:11:44.071 : Generated Params : [200.0, 7190.0, 0.0, 0.0, 1.0, -92.0, 0.0, 0.0, 0.0, 0.0, 0.0, 0.0, 0.0, 0.0, 0.0, 0.0, 0.0, 0.1, 8.1, 0.1, 0.0, 53.0, -76.0, 528.0, 0.05]
23:11:48.067 : Generated Params : [110.0, 4020.0, 0.0, 0.0, 1.0, -65.0, 0.0, 0.0, 0.0, 0.0, 0.0, 0.0, 0.0, 0.0, 0.0, 0.0, 0.0, 0.1, 82.1, 0.1, 0.0, 55.0, -97.0, 69.0, 0.05]
23:11:52.115 : Generated Params : [90.0, 630.0, 0.0, 0.0, 1.0, -29.0, 0.0, 0.0, 0.0, 0.0, 0.0, 0.0, 0.0, 0.0, 0.0, 0.0, 0.0, 0.1, 40.1, 0.1, 0.0, 5.0, 50.0, 220.0, 0.05]
23:11:56.205 : Generated Params : [170.0, 1940.0, 0.0, 0.0, 1.0, -43.0, 0.0, 0.0, 0.0, 0.0, 0.0, 0.0, 0.0, 0.0, 0.0, 0.0, 0.0, 0.1, 21.1, 0.1, 0.0, 2.0, -53.0, 5376.0, 0.05]
23:12:00.139 : Generated Params : [130.0, 9390.0, 0.0, 0.0, 1.0, -87.0, 0.0, 0.0, 0.0, 0.0, 0.0, 0.0, 0.0, 0.0, 0.0, 0.0, 0.0, 0.1, 18.1, 0.1, 0.0, 70.0, 31.0, 8332.0, 0.05]
23:12:04.062 : Generated Params : [200.0, 3610.0, 0.0, 0.0, 1.0, 23.0, 0.0, 0.0, 0.0, 0.0, 0.0, 0.0, 0.0, 0.0, 0.0, 0.0, 0.0, 0.1, 8.1, 0.1, 0.0, 57.0, -55.0, 6090.0, 0.05]
23:12:08.240 : Generated Params : [150.0, 7620.0, 0.0, 0.0, 1.0, -65.0, 0.0, 0.0, 0.0, 0.0, 0.0, 0.0, 0.0, 0.0, 0.0, 0.0, 0.0, 0.1, 49.1, 0.1, 0.0, 8.0, -75.0, 3430.0, 0.05]
23:12:12.212 : Generated Params : [160.0, 6080.0, 0.0, 0.0, 1.0, -56.0, 0.0, 0.0, 0.0, 0.0, 0.0, 0.0, 0.0, 0.0, 0.0, 0.0, 0.0, 0.1, 97.1, 0.1, 0.0, 50.0, 61.0, 8875.0, 0.05]
23:12:16.188 : Generated Params : [130.0, 4240.0, 0.0, 0.0, 1.0, -37.0, 0.0, 0.0, 0.0, 0.0, 0.0, 0.0, 0.0, 0.0, 0.0, 0.0, 0.0, 0.1, 35.1, 0.1, 0.0, 17.0, -45.0, 4888.0, 0.05]
23:12:23.223 : ------------------------------------------------------------
23:12:23.223 : Loop #25
23:13:58.146 : Generated Params : [60.0, 440.0, 0.0, 0.0, 1.0, -16.0, 0.0, 0.0, 0.0, 0.0, 0.0, 0.0, 0.0, 0.0, 0.0, 0.0, 0.0, 0.1, 18.1, 0.1, 0.0, 38.0, -26.0, 2834.0, 0.05]
23:14:02.163 : Generated Params : [160.0, 3820.0, 0.0, 0.0, 1.0, -84.0, 0.0, 0.0, 0.0, 0.0, 0.0, 0.0, 0.0, 0.0, 0.0, 0.0, 0.0, 0.1, 96.1, 0.1, 0.0, 17.0, -25.0, 6907.0, 0.05]
23:14:06.162 : Generated Params : [110.0, 4040.0, 0.0, 0.0, 1.0, -43.0, 0.0, 0.0, 0.0, 0.0, 0.0, 0.0, 0.0, 0.0, 0.0, 0.0, 0.0, 0.1, 76.1, 0.1, 0.0, 5.0, -27.0, 1710.0, 0.05]
23:14:10.187 : Generated Params : [90.0, 9420.0, 0.0, 0.0, 1.0, -98.0, 0.0, 0.0, 0.0, 0.0, 0.0, 0.0, 0.0, 0.0, 0.0, 0.0, 0.0, 0.1, 20.1, 0.1, 0.0, 41.0, 3.0, 1651.0, 0.05]
23:14:14.134 : Generated Params : [120.0, 610.0, 0.0, 0.0, 1.0, -31.0, 0.0, 0.0, 0.0, 0.0, 0.0, 0.0, 0.0, 0.0, 0.0, 0.0, 0.0, 0.1, 50.1, 0.1, 0.0, 32.0, -71.0, 5243.0, 0.05]
23:14:18.089 : Generated Params : [190.0, 4200.0, 0.0, 0.0, 1.0, -43.0, 0.0, 0.0, 0.0, 0.0, 0.0, 0.0, 0.0, 0.0, 0.0, 0.0, 0.0, 0.1, 49.1, 0.1, 0.0, 41.0, -79.0, 3225.0, 0.05]
23:14:22.197 : Generated Params : [80.0, 350.0, 0.0, 0.0, 1.0, 34.0, 0.0, 0.0, 0.0, 0.0, 0.0, 0.0, 0.0, 0.0, 0.0, 0.0, 0.0, 0.1, 40.1, 0.1, 0.0, 68.0, -2.0, 2871.0, 0.05]
23:14:26.175 : Generated Params : [190.0, 1870.0, 0.0, 0.0, 1.0, -17.0, 0.0, 0.0, 0.0, 0.0, 0.0, 0.0, 0.0, 0.0, 0.0, 0.0, 0.0, 0.1, 100.1, 0.1, 0.0, 47.0, -12.0, 9816.0, 0.05]
23:14:30.168 : Generated Params : [100.0, 2750.0, 0.0, 0.0, 1.0, -44.0, 0.0, 0.0, 0.0, 0.0, 0.0, 0.0, 0.0, 0.0, 0.0, 0.0, 0.0, 0.1, 30.1, 0.1, 0.0, 9.0, -90.0, 374.0, 0.05]
23:14:34.172 : Generated Params : [120.0, 9510.0, 0.0, 0.0, 1.0, -84.0, 0.0, 0.0, 0.0, 0.0, 0.0, 0.0, 0.0, 0.0, 0.0, 0.0, 0.0, 0.1, 4.1, 0.1, 0.0, 38.0, 16.0, 1915.0, 0.05]
23:14:38.161 : Generated Params : [170.0, 3690.0, 0.0, 0.0, 1.0, -92.0, 0.0, 0.0, 0.0, 0.0, 0.0, 0.0, 0.0, 0.0, 0.0, 0.0, 0.0, 0.1, 58.1, 0.1, 0.0, 26.0, -88.0, 2073.0, 0.05]
23:14:42.251 : Generated Params : [130.0, 5070.0, 0.0, 0.0, 1.0, -94.0, 0.0, 0.0, 0.0, 0.0, 0.0, 0.0, 0.0, 0.0, 0.0, 0.0, 0.0, 0.1, 82.1, 0.1, 0.0, 15.0, 77.0, 4545.0, 0.05]
23:14:46.191 : Generated Params : [70.0, 7690.0, 0.0, 0.0, 1.0, -79.0, 0.0, 0.0, 0.0, 0.0, 0.0, 0.0, 0.0, 0.0, 0.0, 0.0, 0.0, 0.1, 67.1, 0.1, 0.0, 14.0, -53.0, 1334.0, 0.05]
23:14:50.167 : Generated Params : [200.0, 4400.0, 0.0, 0.0, 1.0, -31.0, 0.0, 0.0, 0.0, 0.0, 0.0, 0.0, 0.0, 0.0, 0.0, 0.0, 0.0, 0.1, 63.1, 0.1, 0.0, 21.0, -12.0, 1214.0, 0.05]
23:14:54.306 : Generated Params : [100.0, 1290.0, 0.0, 0.0, 1.0, -99.0, 0.0, 0.0, 0.0, 0.0, 0.0, 0.0, 0.0, 0.0, 0.0, 0.0, 0.0, 0.1, 4.1, 0.1, 0.0, 78.0, -58.0, 4709.0, 0.05]
23:14:58.248 : Generated Params : [130.0, 1290.0, 0.0, 0.0, 1.0, -33.0, 0.0, 0.0, 0.0, 0.0, 0.0, 0.0, 0.0, 0.0, 0.0, 0.0, 0.0, 0.1, 4.1, 0.1, 0.0, 59.0, 33.0, 8476.0, 0.05]
23:15:02.158 : Generated Params : [200.0, 8970.0, 0.0, 0.0, 1.0, -79.0, 0.0, 0.0, 0.0, 0.0, 0.0, 0.0, 0.0, 0.0, 0.0, 0.0, 0.0, 0.1, 10.1, 0.1, 0.0, 24.0, 88.0, 174.0, 0.05]
23:15:06.176 : Generated Params : [70.0, 2680.0, 0.0, 0.0, 1.0, 93.0, 0.0, 0.0, 0.0, 0.0, 0.0, 0.0, 0.0, 0.0, 0.0, 0.0, 0.0, 0.1, 93.1, 0.1, 0.0, 11.0, -84.0, 2452.0, 0.05]
23:15:10.169 : Generated Params : [50.0, 8600.0, 0.0, 0.0, 1.0, 86.0, 0.0, 0.0, 0.0, 0.0, 0.0, 0.0, 0.0, 0.0, 0.0, 0.0, 0.0, 0.1, 49.1, 0.1, 0.0, 21.0, -37.0, 1290.0, 0.05]
23:15:14.205 : Generated Params : [50.0, 2760.0, 0.0, 0.0, 1.0, 1.0, 0.0, 0.0, 0.0, 0.0, 0.0, 0.0, 0.0, 0.0, 0.0, 0.0, 0.0, 0.1, 57.1, 0.1, 0.0, 79.0, -96.0, 3475.0, 0.05]